n_sector,addetti_ul,1,2,3,4,5,6,7,8,9,10,11,12,13,14,15,16,17,18,19,20,21,22,23,24,25,26,27,28,29,30,31,32,33,34,35,36,37,38,39,40,41,42,43,44,45,46,47,48,49,50,51,52,53,54,55,56,57,58,59,60,61,62,63,64,65,66,67,68,69,70,71,72,73,74,75,76,77,78,79,80,81,82,83,84,85,86,87,88,89,90,91,92,93,94,95,96,97,98,99,100
3,0.0,0.0,0.0,0.0,0.0,0.0,0.0,0.0,0.0,0.0,0.0,0.0,0.0,0.0,0.0,0.0,0.0,0.0,0.0,0.0,0.0,0.0,0.0,0.0,0.0,0.0,0.0,0.0,0.0,0.0,0.0,0.0,0.0,0.0,0.0,0.0,0.0,0.0,0.0,0.0,0.0,0.0,0.0,0.0,0.0,0.0,0.0,0.0,0.0,0.0,0.0,0.0,0.0,0.0,0.0,0.0,0.0,0.0,0.0,0.0,0.0,0.0,0.0,0.0,0.0,0.0,0.0,0.0,0.0,0.0,0.0,0.0,0.0,0.0,0.0,0.0,0.0,0.0,0.0,0.0,0.0,0.0,0.0,0.0,0.0,0.0,0.0,0.0,0.0,0.0,0.0,0.0,0.0,0.0,0.0,0.0,0.0,0.0,0.0,0.0,0.0
4,8010.529969528,0.018088690767177527,0.018088690767177527,0.018088690767177527,0.018088690767177527,0.018088690767177527,0.018088690767177527,0.018088690767177527,0.018088690767177527,0.018088690767177527,0.018088690767177527,0.018088690767177527,0.018088690767177527,0.018088690767177527,0.018088690767177527,0.018088690767177527,0.018088690767177527,0.018088690767177527,0.018088690767177527,0.018088690767177527,0.018088690767177527,0.018088690767177527,0.018088690767177527,0.018088690767177527,0.018088690767177527,0.002996056452106893,0.002996056452106893,0.002996056452106893,0.002996056452106893,0.002996056452106893,0.002996056452106893,0.002996056452106893,0.002996056452106893,0.002996056452106893,0.002996056452106893,0.002996056452106893,0.002996056452106893,0.002996056452106893,0.002996056452106893,0.002996056452106893,0.002996056452106893,0.0006241784275222694,0.0006241784275222694,0.0006241784275222694,0.0006241784275222694,0.0006241784275222694,0.0006241784275222694,0.0006241784275222694,0.0006241784275222694,0.0006241784275222694,0.0006241784275222694,0.0006241784275222694,0.0006241784275222694,0.0006241784275222694,0.0006241784275222694,0.0006241784275222694,0.0006241784275222694,0.0006241784275222694,0.0006241784275222694,0.0006241784275222694,0.0006241784275222694,0.0006241784275222694,0.0006241784275222694,0.0006241784275222694,0.0006241784275222694,0.0006241784275222694,0.0006241784275222694,0.0006241784275222694,0.0006241784275222694,0.0006241784275222694,0.0006241784275222694,0.0006241784275222694,0.0006241784275222694,0.0,0.0,0.0,0.0,0.0,0.0,0.0,0.0,0.0,0.0,0.0,0.0,0.0,0.0,0.0,0.0,0.0,0.0,0.0,0.0,0.0,0.0,0.0,0.0,0.0,0.0,0.0,0.0
5,2250.550000478,0.08076248030987783,0.08076248030987783,0.08076248030987783,0.08076248030987783,0.0,0.0,0.0,0.0,0.0,0.0,0.0,0.0,0.0,0.0,0.0,0.0,0.0,0.0,0.0,0.0,0.0,0.0,0.0,0.0,0.0,0.0,0.0,0.0,0.0,0.0,0.0,0.0,0.0,0.0,0.0,0.0,0.0,0.0,0.0,0.0,0.0,0.0,0.0,0.0,0.0,0.0,0.0,0.0,0.0,0.0,0.0,0.0,0.0,0.0,0.0,0.0,0.0,0.0,0.0,0.0,0.0,0.0,0.0,0.0,0.0,0.0,0.0,0.0,0.0,0.0,0.0,0.0,0.0,0.0,0.0,0.0,0.0,0.0,0.0,0.0,0.0,0.0,0.0,0.0,0.0,0.0,0.0,0.0,0.0,0.0,0.0,0.0,0.0,0.0,0.0,0.0,0.0,0.0,0.0,0.0
6,4809.469970634,0.043570290377003114,0.043570290377003114,0.043570290377003114,0.043570290377003114,0.0,0.0,0.0,0.0,0.0,0.0,0.0,0.0,0.0,0.0,0.0,0.0,0.0,0.0,0.0,0.0,0.0,0.0,0.0,0.0,0.0,0.0,0.0,0.0,0.0,0.0,0.0,0.0,0.0,0.0,0.0,0.0,0.0,0.0,0.0,0.0,0.0,0.0,0.0,0.0,0.0,0.0,0.0,0.0,0.0,0.0,0.0,0.0,0.0,0.0,0.0,0.0,0.0,0.0,0.0,0.0,0.0,0.0,0.0,0.0,0.0,0.0,0.0,0.0,0.0,0.0,0.0,0.0,0.0,0.0,0.0,0.0,0.0,0.0,0.0,0.0,0.0,0.0,0.0,0.0,0.0,0.0,0.0,0.0,0.0,0.0,0.0,0.0,0.0,0.0,0.0,0.0,0.0,0.0,0.0,0.0
7,2269.92002122,0.06905970189898901,0.06905970189898901,0.06905970189898901,0.06905970189898901,0.0,0.0,0.0,0.0,0.0,0.0,0.0,0.0,0.0,0.0,0.0,0.0,0.0,0.0,0.0,0.0,0.0,0.0,0.0,0.0,0.0,0.0,0.0,0.0,0.0,0.0,0.0,0.0,0.0,0.0,0.0,0.0,0.0,0.0,0.0,0.0,0.0,0.0,0.0,0.0,0.0,0.0,0.0,0.0,0.0,0.0,0.0,0.0,0.0,0.0,0.0,0.0,0.0,0.0,0.0,0.0,0.0,0.0,0.0,0.0,0.0,0.0,0.0,0.0,0.0,0.0,0.0,0.0,0.0,0.0,0.0,0.0,0.0,0.0,0.0,0.0,0.0,0.0,0.0,0.0,0.0,0.0,0.0,0.0,0.0,0.0,0.0,0.0,0.0,0.0,0.0,0.0,0.0,0.0,0.0,0.0
8,1617.6400008510002,0.013995697552044743,0.013995697552044743,0.013995697552044743,0.013995697552044743,0.0,0.0,0.0,0.0,0.0,0.0,0.0,0.0,0.0,0.0,0.0,0.0,0.0,0.0,0.0,0.0,0.0,0.0,0.0,0.0,0.0,0.0,0.0,0.0,0.0,0.0,0.0,0.0,0.0,0.0,0.0,0.0,0.0,0.0,0.0,0.0,0.0,0.0,0.0,0.0,0.0,0.0,0.0,0.0,0.0,0.0,0.0,0.0,0.0,0.0,0.0,0.0,0.0,0.0,0.0,0.0,0.0,0.0,0.0,0.0,0.0,0.0,0.0,0.0,0.0,0.0,0.0,0.0,0.0,0.0,0.0,0.0,0.0,0.0,0.0,0.0,0.0,0.0,0.0,0.0,0.0,0.0,0.0,0.0,0.0,0.0,0.0,0.0,0.0,0.0,0.0,0.0,0.0,0.0,0.0,0.0
9,0.0,0.0,0.0,0.0,0.0,0.0,0.0,0.0,0.0,0.0,0.0,0.0,0.0,0.0,0.0,0.0,0.0,0.0,0.0,0.0,0.0,0.0,0.0,0.0,0.0,0.0,0.0,0.0,0.0,0.0,0.0,0.0,0.0,0.0,0.0,0.0,0.0,0.0,0.0,0.0,0.0,0.0,0.0,0.0,0.0,0.0,0.0,0.0,0.0,0.0,0.0,0.0,0.0,0.0,0.0,0.0,0.0,0.0,0.0,0.0,0.0,0.0,0.0,0.0,0.0,0.0,0.0,0.0,0.0,0.0,0.0,0.0,0.0,0.0,0.0,0.0,0.0,0.0,0.0,0.0,0.0,0.0,0.0,0.0,0.0,0.0,0.0,0.0,0.0,0.0,0.0,0.0,0.0,0.0,0.0,0.0,0.0,0.0,0.0,0.0,0.0
10,1272.33001443,0.005289508165076983,0.005289508165076983,0.005289508165076983,0.005289508165076983,0.005289508165076983,0.005289508165076983,0.005289508165076983,0.005289508165076983,0.005289508165076983,0.005289508165076983,0.005289508165076983,0.005289508165076983,0.005289508165076983,0.005289508165076983,0.005289508165076983,0.005289508165076983,0.005289508165076983,0.005289508165076983,0.005289508165076983,0.005289508165076983,0.005289508165076983,0.005289508165076983,0.005289508165076983,0.005289508165076983,0.0,0.0,0.0,0.0,0.0,0.0,0.0,0.0,0.0,0.0,0.0,0.0,0.0,0.0,0.0,0.0,0.0,0.0,0.0,0.0,0.0,0.0,0.0,0.0,0.0,0.0,0.0,0.0,0.0,0.0,0.0,0.0,0.0,0.0,0.0,0.0,0.0,0.0,0.0,0.0,0.0,0.0,0.0,0.0,0.0,0.0,0.0,0.0,0.0,0.0,0.0,0.0,0.0,0.0,0.0,0.0,0.0,0.0,0.0,0.0,0.0,0.0,0.0,0.0,0.0,0.0,0.0,0.0,0.0,0.0,0.0,0.0,0.0,0.0,0.0,0.0
11,543.470003,0.011040167749608068,0.011040167749608068,0.011040167749608068,0.011040167749608068,0.011040167749608068,0.011040167749608068,0.011040167749608068,0.011040167749608068,0.011040167749608068,0.011040167749608068,0.011040167749608068,0.011040167749608068,0.011040167749608068,0.011040167749608068,0.011040167749608068,0.011040167749608068,0.011040167749608068,0.011040167749608068,0.011040167749608068,0.011040167749608068,0.011040167749608068,0.011040167749608068,0.011040167749608068,0.011040167749608068,0.0,0.0,0.0,0.0,0.0,0.0,0.0,0.0,0.0,0.0,0.0,0.0,0.0,0.0,0.0,0.0,0.0,0.0,0.0,0.0,0.0,0.0,0.0,0.0,0.0,0.0,0.0,0.0,0.0,0.0,0.0,0.0,0.0,0.0,0.0,0.0,0.0,0.0,0.0,0.0,0.0,0.0,0.0,0.0,0.0,0.0,0.0,0.0,0.0,0.0,0.0,0.0,0.0,0.0,0.0,0.0,0.0,0.0,0.0,0.0,0.0,0.0,0.0,0.0,0.0,0.0,0.0,0.0,0.0,0.0,0.0,0.0,0.0,0.0,0.0,0.0
12,4353.74001106,0.033844464673058156,0.033844464673058156,0.033844464673058156,0.033844464673058156,0.0,0.0,0.0,0.0,0.0,0.0,0.0,0.0,0.0,0.0,0.0,0.0,0.0,0.0,0.0,0.0,0.0,0.0,0.0,0.0,0.0,0.0,0.0,0.0,0.0,0.0,0.0,0.0,0.0,0.0,0.0,0.0,0.0,0.0,0.0,0.0,0.0,0.0,0.0,0.0,0.0,0.0,0.0,0.0,0.0,0.0,0.0,0.0,0.0,0.0,0.0,0.0,0.0,0.0,0.0,0.0,0.0,0.0,0.0,0.0,0.0,0.0,0.0,0.0,0.0,0.0,0.0,0.0,0.0,0.0,0.0,0.0,0.0,0.0,0.0,0.0,0.0,0.0,0.0,0.0,0.0,0.0,0.0,0.0,0.0,0.0,0.0,0.0,0.0,0.0,0.0,0.0,0.0,0.0,0.0,0.0
13,3824.999992749,0.05455163396223632,0.05455163396223632,0.05455163396223632,0.05455163396223632,0.0,0.0,0.0,0.0,0.0,0.0,0.0,0.0,0.0,0.0,0.0,0.0,0.0,0.0,0.0,0.0,0.0,0.0,0.0,0.0,0.0,0.0,0.0,0.0,0.0,0.0,0.0,0.0,0.0,0.0,0.0,0.0,0.0,0.0,0.0,0.0,0.0,0.0,0.0,0.0,0.0,0.0,0.0,0.0,0.0,0.0,0.0,0.0,0.0,0.0,0.0,0.0,0.0,0.0,0.0,0.0,0.0,0.0,0.0,0.0,0.0,0.0,0.0,0.0,0.0,0.0,0.0,0.0,0.0,0.0,0.0,0.0,0.0,0.0,0.0,0.0,0.0,0.0,0.0,0.0,0.0,0.0,0.0,0.0,0.0,0.0,0.0,0.0,0.0,0.0,0.0,0.0,0.0,0.0,0.0,0.0
14,6004.100071289,0.012083409693140654,0.012083409693140654,0.012083409693140654,0.012083409693140654,0.012083409693140654,0.012083409693140654,0.012083409693140654,0.012083409693140654,0.012083409693140654,0.012083409693140654,0.012083409693140654,0.012083409693140654,0.012083409693140654,0.012083409693140654,0.012083409693140654,0.012083409693140654,0.012083409693140654,0.012083409693140654,0.012083409693140654,0.012083409693140654,0.012083409693140654,0.012083409693140654,0.012083409693140654,0.012083409693140654,0.0,0.0,0.0,0.0,0.0,0.0,0.0,0.0,0.0,0.0,0.0,0.0,0.0,0.0,0.0,0.0,0.0,0.0,0.0,0.0,0.0,0.0,0.0,0.0,0.0,0.0,0.0,0.0,0.0,0.0,0.0,0.0,0.0,0.0,0.0,0.0,0.0,0.0,0.0,0.0,0.0,0.0,0.0,0.0,0.0,0.0,0.0,0.0,0.0,0.0,0.0,0.0,0.0,0.0,0.0,0.0,0.0,0.0,0.0,0.0,0.0,0.0,0.0,0.0,0.0,0.0,0.0,0.0,0.0,0.0,0.0,0.0,0.0,0.0,0.0,0.0
15,19114.230009545,0.030989477296977454,0.030989477296977454,0.030989477296977454,0.030989477296977454,0.0,0.0,0.0,0.0,0.0,0.0,0.0,0.0,0.0,0.0,0.0,0.0,0.0,0.0,0.0,0.0,0.0,0.0,0.0,0.0,0.0,0.0,0.0,0.0,0.0,0.0,0.0,0.0,0.0,0.0,0.0,0.0,0.0,0.0,0.0,0.0,0.0,0.0,0.0,0.0,0.0,0.0,0.0,0.0,0.0,0.0,0.0,0.0,0.0,0.0,0.0,0.0,0.0,0.0,0.0,0.0,0.0,0.0,0.0,0.0,0.0,0.0,0.0,0.0,0.0,0.0,0.0,0.0,0.0,0.0,0.0,0.0,0.0,0.0,0.0,0.0,0.0,0.0,0.0,0.0,0.0,0.0,0.0,0.0,0.0,0.0,0.0,0.0,0.0,0.0,0.0,0.0,0.0,0.0,0.0,0.0
16,2906.599985228,0.012134452721134704,0.012134452721134704,0.012134452721134704,0.012134452721134704,0.012134452721134704,0.012134452721134704,0.012134452721134704,0.012134452721134704,0.012134452721134704,0.012134452721134704,0.012134452721134704,0.012134452721134704,0.012134452721134704,0.012134452721134704,0.012134452721134704,0.012134452721134704,0.012134452721134704,0.012134452721134704,0.012134452721134704,0.012134452721134704,0.012134452721134704,0.012134452721134704,0.012134452721134704,0.012134452721134704,0.012134452721134704,0.012134452721134704,0.012134452721134704,0.012134452721134704,0.0060723870122140295,0.0060723870122140295,0.0060723870122140295,0.0060723870122140295,0.0060723870122140295,0.0060723870122140295,0.0060723870122140295,0.0060723870122140295,0.0060723870122140295,0.0060723870122140295,0.0060723870122140295,0.0060723870122140295,0.0060723870122140295,0.0060723870122140295,0.0060723870122140295,0.0060723870122140295,0.0060723870122140295,0.0060723870122140295,0.0060723870122140295,0.0060723870122140295,0.0060723870122140295,0.0060723870122140295,0.0060723870122140295,0.0060723870122140295,0.0046101975050236825,0.0046101975050236825,0.0046101975050236825,0.0046101975050236825,0.0046101975050236825,0.0046101975050236825,0.0046101975050236825,0.0046101975050236825,0.0046101975050236825,0.0046101975050236825,0.0046101975050236825,0.0046101975050236825,0.0046101975050236825,0.0046101975050236825,0.0046101975050236825,0.0046101975050236825,0.0046101975050236825,0.0046101975050236825,0.0046101975050236825,0.0046101975050236825,0.0,0.0,0.0,0.0,0.0,0.0,0.0,0.0,0.0,0.0,0.0,0.0,0.0,0.0,0.0,0.0,0.0,0.0,0.0,0.0,0.0,0.0,0.0,0.0,0.0,0.0,0.0,0.0
17,4775.859963641,0.003678918530644072,0.003678918530644072,0.003678918530644072,0.003678918530644072,0.003678918530644072,0.003678918530644072,0.003678918530644072,0.003678918530644072,0.003678918530644072,0.003678918530644072,0.003678918530644072,0.003678918530644072,0.003678918530644072,0.003678918530644072,0.003678918530644072,0.003678918530644072,0.003678918530644072,0.003678918530644072,0.003678918530644072,0.003678918530644072,0.003678918530644072,0.003678918530644072,0.003678918530644072,0.003678918530644072,0.003678918530644072,0.003678918530644072,0.003678918530644072,0.003678918530644072,0.0004020218420592543,0.0004020218420592543,0.0004020218420592543,0.0004020218420592543,0.0004020218420592543,0.0004020218420592543,0.0004020218420592543,0.0004020218420592543,0.0004020218420592543,0.0004020218420592543,0.0004020218420592543,0.0004020218420592543,0.0004020218420592543,0.0004020218420592543,0.0004020218420592543,0.0004020218420592543,0.0004020218420592543,0.0004020218420592543,0.0004020218420592543,0.0004020218420592543,0.0004020218420592543,0.0004020218420592543,0.0004020218420592543,0.0004020218420592543,0.0,0.0,0.0,0.0,0.0,0.0,0.0,0.0,0.0,0.0,0.0,0.0,0.0,0.0,0.0,0.0,0.0,0.0,0.0,0.0,0.0,0.0,0.0,0.0,0.0,0.0,0.0,0.0,0.0,0.0,0.0,0.0,0.0,0.0,0.0,0.0,0.0,0.0,0.0,0.0,0.0,0.0,0.0,0.0,0.0,0.0,0.0,0.0
18,16689.64998776,0.01484333099565793,0.01484333099565793,0.01484333099565793,0.01484333099565793,0.0,0.0,0.0,0.0,0.0,0.0,0.0,0.0,0.0,0.0,0.0,0.0,0.0,0.0,0.0,0.0,0.0,0.0,0.0,0.0,0.0,0.0,0.0,0.0,0.0,0.0,0.0,0.0,0.0,0.0,0.0,0.0,0.0,0.0,0.0,0.0,0.0,0.0,0.0,0.0,0.0,0.0,0.0,0.0,0.0,0.0,0.0,0.0,0.0,0.0,0.0,0.0,0.0,0.0,0.0,0.0,0.0,0.0,0.0,0.0,0.0,0.0,0.0,0.0,0.0,0.0,0.0,0.0,0.0,0.0,0.0,0.0,0.0,0.0,0.0,0.0,0.0,0.0,0.0,0.0,0.0,0.0,0.0,0.0,0.0,0.0,0.0,0.0,0.0,0.0,0.0,0.0,0.0,0.0,0.0,0.0
19,1573.31998481,0.0006355986129043951,0.0006355986129043951,0.0006355986129043951,0.0006355986129043951,0.0,0.0,0.0,0.0,0.0,0.0,0.0,0.0,0.0,0.0,0.0,0.0,0.0,0.0,0.0,0.0,0.0,0.0,0.0,0.0,0.0,0.0,0.0,0.0,0.0,0.0,0.0,0.0,0.0,0.0,0.0,0.0,0.0,0.0,0.0,0.0,0.0,0.0,0.0,0.0,0.0,0.0,0.0,0.0,0.0,0.0,0.0,0.0,0.0,0.0,0.0,0.0,0.0,0.0,0.0,0.0,0.0,0.0,0.0,0.0,0.0,0.0,0.0,0.0,0.0,0.0,0.0,0.0,0.0,0.0,0.0,0.0,0.0,0.0,0.0,0.0,0.0,0.0,0.0,0.0,0.0,0.0,0.0,0.0,0.0,0.0,0.0,0.0,0.0,0.0,0.0,0.0,0.0,0.0,0.0,0.0
20,4493.2400011,0.10674702262789841,0.10674702262789841,0.10674702262789841,0.10674702262789841,0.0,0.0,0.0,0.0,0.0,0.0,0.0,0.0,0.0,0.0,0.0,0.0,0.0,0.0,0.0,0.0,0.0,0.0,0.0,0.0,0.0,0.0,0.0,0.0,0.0,0.0,0.0,0.0,0.0,0.0,0.0,0.0,0.0,0.0,0.0,0.0,0.0,0.0,0.0,0.0,0.0,0.0,0.0,0.0,0.0,0.0,0.0,0.0,0.0,0.0,0.0,0.0,0.0,0.0,0.0,0.0,0.0,0.0,0.0,0.0,0.0,0.0,0.0,0.0,0.0,0.0,0.0,0.0,0.0,0.0,0.0,0.0,0.0,0.0,0.0,0.0,0.0,0.0,0.0,0.0,0.0,0.0,0.0,0.0,0.0,0.0,0.0,0.0,0.0,0.0,0.0,0.0,0.0,0.0,0.0,0.0
21,15833.190003994001,0.013018223178525945,0.013018223178525945,0.013018223178525945,0.013018223178525945,0.0,0.0,0.0,0.0,0.0,0.0,0.0,0.0,0.0,0.0,0.0,0.0,0.0,0.0,0.0,0.0,0.0,0.0,0.0,0.0,0.0,0.0,0.0,0.0,0.0,0.0,0.0,0.0,0.0,0.0,0.0,0.0,0.0,0.0,0.0,0.0,0.0,0.0,0.0,0.0,0.0,0.0,0.0,0.0,0.0,0.0,0.0,0.0,0.0,0.0,0.0,0.0,0.0,0.0,0.0,0.0,0.0,0.0,0.0,0.0,0.0,0.0,0.0,0.0,0.0,0.0,0.0,0.0,0.0,0.0,0.0,0.0,0.0,0.0,0.0,0.0,0.0,0.0,0.0,0.0,0.0,0.0,0.0,0.0,0.0,0.0,0.0,0.0,0.0,0.0,0.0,0.0,0.0,0.0,0.0,0.0
22,4864.930009121,0.055069651135516796,0.055069651135516796,0.055069651135516796,0.055069651135516796,0.0,0.0,0.0,0.0,0.0,0.0,0.0,0.0,0.0,0.0,0.0,0.0,0.0,0.0,0.0,0.0,0.0,0.0,0.0,0.0,0.0,0.0,0.0,0.0,0.0,0.0,0.0,0.0,0.0,0.0,0.0,0.0,0.0,0.0,0.0,0.0,0.0,0.0,0.0,0.0,0.0,0.0,0.0,0.0,0.0,0.0,0.0,0.0,0.0,0.0,0.0,0.0,0.0,0.0,0.0,0.0,0.0,0.0,0.0,0.0,0.0,0.0,0.0,0.0,0.0,0.0,0.0,0.0,0.0,0.0,0.0,0.0,0.0,0.0,0.0,0.0,0.0,0.0,0.0,0.0,0.0,0.0,0.0,0.0,0.0,0.0,0.0,0.0,0.0,0.0,0.0,0.0,0.0,0.0,0.0,0.0
23,1468.450017069,0.05716231259034798,0.05716231259034798,0.05716231259034798,0.05716231259034798,0.05716231259034798,0.05716231259034798,0.05716231259034798,0.05716231259034798,0.05716231259034798,0.05716231259034798,0.05716231259034798,0.05716231259034798,0.05716231259034798,0.05716231259034798,0.05716231259034798,0.05716231259034798,0.05716231259034798,0.05716231259034798,0.05716231259034798,0.05716231259034798,0.05716231259034798,0.05716231259034798,0.05716231259034798,0.05716231259034798,0.0,0.0,0.0,0.0,0.0,0.0,0.0,0.0,0.0,0.0,0.0,0.0,0.0,0.0,0.0,0.0,0.0,0.0,0.0,0.0,0.0,0.0,0.0,0.0,0.0,0.0,0.0,0.0,0.0,0.0,0.0,0.0,0.0,0.0,0.0,0.0,0.0,0.0,0.0,0.0,0.0,0.0,0.0,0.0,0.0,0.0,0.0,0.0,0.0,0.0,0.0,0.0,0.0,0.0,0.0,0.0,0.0,0.0,0.0,0.0,0.0,0.0,0.0,0.0,0.0,0.0,0.0,0.0,0.0,0.0,0.0,0.0,0.0,0.0,0.0,0.0
24,703.2300048,0.013381112489186553,0.013381112489186553,0.013381112489186553,0.013381112489186553,0.013381112489186553,0.013381112489186553,0.013381112489186553,0.013381112489186553,0.013381112489186553,0.013381112489186553,0.013381112489186553,0.013381112489186553,0.013381112489186553,0.013381112489186553,0.013381112489186553,0.013381112489186553,0.013381112489186553,0.013381112489186553,0.013381112489186553,0.013381112489186553,0.013381112489186553,0.013381112489186553,0.013381112489186553,0.013381112489186553,0.0,0.0,0.0,0.0,0.0,0.0,0.0,0.0,0.0,0.0,0.0,0.0,0.0,0.0,0.0,0.0,0.0,0.0,0.0,0.0,0.0,0.0,0.0,0.0,0.0,0.0,0.0,0.0,0.0,0.0,0.0,0.0,0.0,0.0,0.0,0.0,0.0,0.0,0.0,0.0,0.0,0.0,0.0,0.0,0.0,0.0,0.0,0.0,0.0,0.0,0.0,0.0,0.0,0.0,0.0,0.0,0.0,0.0,0.0,0.0,0.0,0.0,0.0,0.0,0.0,0.0,0.0,0.0,0.0,0.0,0.0,0.0,0.0,0.0,0.0,0.0
25,4320.449997447,0.053904107636384445,0.053904107636384445,0.053904107636384445,0.053904107636384445,0.053904107636384445,0.053904107636384445,0.053904107636384445,0.053904107636384445,0.053904107636384445,0.053904107636384445,0.053904107636384445,0.053904107636384445,0.053904107636384445,0.053904107636384445,0.053904107636384445,0.053904107636384445,0.053904107636384445,0.053904107636384445,0.053904107636384445,0.053904107636384445,0.053904107636384445,0.053904107636384445,0.053904107636384445,0.053904107636384445,0.0026756472142556746,0.0026756472142556746,0.0026756472142556746,0.0026756472142556746,0.0026756472142556746,0.0026756472142556746,0.0026756472142556746,0.0026756472142556746,0.0026756472142556746,0.0026756472142556746,0.0026756472142556746,0.0026756472142556746,0.0026756472142556746,0.0026756472142556746,0.0026756472142556746,0.0026756472142556746,0.0,0.0,0.0,0.0,0.0,0.0,0.0,0.0,0.0,0.0,0.0,0.0,0.0,0.0,0.0,0.0,0.0,0.0,0.0,0.0,0.0,0.0,0.0,0.0,0.0,0.0,0.0,0.0,0.0,0.0,0.0,0.0,0.0,0.0,0.0,0.0,0.0,0.0,0.0,0.0,0.0,0.0,0.0,0.0,0.0,0.0,0.0,0.0,0.0,0.0,0.0,0.0,0.0,0.0,0.0,0.0,0.0,0.0,0.0,0.0
26,27010.619988665,0.0470948095879628,0.0470948095879628,0.0470948095879628,0.0470948095879628,0.0,0.0,0.0,0.0,0.0,0.0,0.0,0.0,0.0,0.0,0.0,0.0,0.0,0.0,0.0,0.0,0.0,0.0,0.0,0.0,0.0,0.0,0.0,0.0,0.0,0.0,0.0,0.0,0.0,0.0,0.0,0.0,0.0,0.0,0.0,0.0,0.0,0.0,0.0,0.0,0.0,0.0,0.0,0.0,0.0,0.0,0.0,0.0,0.0,0.0,0.0,0.0,0.0,0.0,0.0,0.0,0.0,0.0,0.0,0.0,0.0,0.0,0.0,0.0,0.0,0.0,0.0,0.0,0.0,0.0,0.0,0.0,0.0,0.0,0.0,0.0,0.0,0.0,0.0,0.0,0.0,0.0,0.0,0.0,0.0,0.0,0.0,0.0,0.0,0.0,0.0,0.0,0.0,0.0,0.0,0.0
27,64673.739940014,0.0417351771486159,0.0417351771486159,0.0417351771486159,0.0417351771486159,0.0417351771486159,0.0417351771486159,0.0417351771486159,0.0417351771486159,0.0417351771486159,0.0417351771486159,0.0417351771486159,0.0417351771486159,0.0417351771486159,0.0417351771486159,0.0417351771486159,0.0417351771486159,0.0417351771486159,0.0417351771486159,0.0417351771486159,0.0417351771486159,0.0417351771486159,0.0417351771486159,0.0417351771486159,0.016177972655832984,0.016177972655832984,0.016177972655832984,0.016177972655832984,0.016177972655832984,0.016177972655832984,0.016177972655832984,0.016177972655832984,0.016177972655832984,0.016177972655832984,0.016177972655832984,0.016177972655832984,0.016177972655832984,0.016177972655832984,0.016177972655832984,0.016177972655832984,0.016177972655832984,0.016177972655832984,0.016177972655832984,0.016177972655832984,0.00923976250460011,0.00923976250460011,0.00923976250460011,0.00923976250460011,0.00923976250460011,0.00923976250460011,0.00923976250460011,0.00923976250460011,0.00923976250460011,0.00923976250460011,0.00923976250460011,0.00923976250460011,0.00923976250460011,0.00923976250460011,0.00923976250460011,0.00923976250460011,0.00923976250460011,0.00923976250460011,0.00923976250460011,0.00923976250460011,0.00923976250460011,0.00923976250460011,0.00923976250460011,0.00923976250460011,0.00923976250460011,0.00923976250460011,0.00923976250460011,0.00923976250460011,0.00923976250460011,0.00159168156218395,0.00159168156218395,0.00159168156218395,0.00159168156218395,0.00159168156218395,0.00159168156218395,0.00159168156218395,0.00159168156218395,0.00159168156218395,0.00159168156218395,0.00159168156218395,0.00159168156218395,0.00159168156218395,0.00159168156218395,0.00159168156218395,0.00159168156218395,0.00159168156218395,0.00159168156218395,0.00159168156218395,0.00159168156218395,0.00159168156218395,0.00159168156218395,0.00159168156218395,0.00159168156218395,0.00159168156218395,0.00159168156218395,0.00159168156218395,0.00159168156218395
28,20842.229979004,0.026914586312265946,0.026914586312265946,0.026914586312265946,0.026914586312265946,0.026914586312265946,0.026914586312265946,0.026914586312265946,0.026914586312265946,0.026914586312265946,0.026914586312265946,0.026914586312265946,0.026914586312265946,0.026914586312265946,0.026914586312265946,0.026914586312265946,0.026914586312265946,0.026914586312265946,0.026914586312265946,0.026914586312265946,0.026914586312265946,0.026914586312265946,0.026914586312265946,0.026914586312265946,0.026914586312265946,0.026914586312265946,0.006586147525878122,0.006586147525878122,0.006586147525878122,0.006586147525878122,0.006586147525878122,0.006586147525878122,0.006586147525878122,0.006586147525878122,0.006586147525878122,0.006586147525878122,0.006586147525878122,0.006586147525878122,0.006586147525878122,0.006586147525878122,0.006586147525878122,0.006586147525878122,0.006586147525878122,0.006586147525878122,0.006586147525878122,0.0015799653028093909,0.0015799653028093909,0.0015799653028093909,0.0015799653028093909,0.0015799653028093909,0.0015799653028093909,0.0015799653028093909,0.0015799653028093909,0.0015799653028093909,0.0015799653028093909,0.0015799653028093909,0.0015799653028093909,0.0015799653028093909,0.0015799653028093909,0.0015799653028093909,0.0015799653028093909,0.0015799653028093909,0.0015799653028093909,0.0015799653028093909,0.0015799653028093909,0.0015799653028093909,0.0015799653028093909,0.0015799653028093909,0.0015799653028093909,0.0015799653028093909,0.0015799653028093909,0.0015799653028093909,0.0015799653028093909,0.001156306226554348,0.001156306226554348,0.001156306226554348,0.001156306226554348,0.001156306226554348,0.001156306226554348,0.001156306226554348,0.001156306226554348,0.001156306226554348,0.001156306226554348,0.001156306226554348,0.001156306226554348,0.0,0.0,0.0,0.0,0.0,0.0,0.0,0.0,0.0,0.0,0.0,0.0,0.0,0.0,0.0,0.0
29,34890.759967368,0.02472746381468637,0.02472746381468637,0.02472746381468637,0.02472746381468637,0.02472746381468637,0.02472746381468637,0.02472746381468637,0.02472746381468637,0.02472746381468637,0.02472746381468637,0.02472746381468637,0.02472746381468637,0.02472746381468637,0.02472746381468637,0.02472746381468637,0.02472746381468637,0.02472746381468637,0.02472746381468637,0.02472746381468637,0.02472746381468637,0.02472746381468637,0.02472746381468637,0.02472746381468637,0.02472746381468637,0.009089225958867034,0.009089225958867034,0.009089225958867034,0.009089225958867034,0.009089225958867034,0.009089225958867034,0.009089225958867034,0.009089225958867034,0.009089225958867034,0.009089225958867034,0.009089225958867034,0.009089225958867034,0.009089225958867034,0.009089225958867034,0.009089225958867034,0.009089225958867034,0.009089225958867034,0.009089225958867034,0.004208277516377529,0.004208277516377529,0.004208277516377529,0.004208277516377529,0.004208277516377529,0.004208277516377529,0.004208277516377529,0.004208277516377529,0.004208277516377529,0.004208277516377529,0.004208277516377529,0.004208277516377529,0.004208277516377529,0.004208277516377529,0.004208277516377529,0.004208277516377529,0.004208277516377529,0.004208277516377529,0.004208277516377529,0.004208277516377529,0.004208277516377529,0.004208277516377529,0.004208277516377529,0.004208277516377529,0.004208277516377529,0.004208277516377529,0.004208277516377529,0.004208277516377529,0.004208277516377529,0.004208277516377529,0.000656907448316865,0.000656907448316865,0.0,0.0,0.0,0.0,0.0,0.0,0.0,0.0,0.0,0.0,0.0,0.0,0.0,0.0,0.0,0.0,0.0,0.0,0.0,0.0,0.0,0.0,0.0,0.0,0.0,0.0
30,845.85000416,0.01984985507764332,0.01984985507764332,0.01984985507764332,0.01984985507764332,0.01984985507764332,0.01984985507764332,0.01984985507764332,0.01984985507764332,0.01984985507764332,0.01984985507764332,0.01984985507764332,0.01984985507764332,0.01984985507764332,0.01984985507764332,0.01984985507764332,0.01984985507764332,0.01984985507764332,0.01984985507764332,0.01984985507764332,0.01984985507764332,0.01984985507764332,0.01984985507764332,0.01984985507764332,0.01984985507764332,0.01984985507764332,0.01984985507764332,0.01984985507764332,0.01984985507764332,0.01866761236902847,0.01866761236902847,0.01866761236902847,0.01866761236902847,0.01866761236902847,0.01866761236902847,0.01866761236902847,0.01866761236902847,0.01866761236902847,0.01866761236902847,0.01866761236902847,0.01866761236902847,0.01866761236902847,0.01866761236902847,0.01866761236902847,0.01866761236902847,0.01866761236902847,0.01866761236902847,0.01866761236902847,0.01866761236902847,0.01866761236902847,0.01866761236902847,0.01866761236902847,0.01866761236902847,0.01866761236902847,0.01866761236902847,0.01866761236902847,0.01866761236902847,0.01866761236902847,0.01866761236902847,0.01866761236902847,0.01866761236902847,0.01866761236902847,0.01866761236902847,0.01866761236902847,0.01866761236902847,0.01866761236902847,0.01866761236902847,0.01866761236902847,0.01866761236902847,0.01866761236902847,0.01866761236902847,0.01866761236902847,0.01866761236902847,0.0,0.0,0.0,0.0,0.0,0.0,0.0,0.0,0.0,0.0,0.0,0.0,0.0,0.0,0.0,0.0,0.0,0.0,0.0,0.0,0.0,0.0,0.0,0.0,0.0,0.0,0.0,0.0
31,836.6000011179999,0.0014941429576016594,0.0014941429576016594,0.0014941429576016594,0.0014941429576016594,0.0014941429576016594,0.0014941429576016594,0.0014941429576016594,0.0014941429576016594,0.0014941429576016594,0.0014941429576016594,0.0014941429576016594,0.0014941429576016594,0.0014941429576016594,0.0014941429576016594,0.0014941429576016594,0.0014941429576016594,0.0014941429576016594,0.0014941429576016594,0.0014941429576016594,0.0014941429576016594,0.0014941429576016594,0.0014941429576016594,0.0014941429576016594,0.0014941429576016594,0.0014941429576016594,0.0014941429576016594,0.0014941429576016594,0.0014941429576016594,0.0,0.0,0.0,0.0,0.0,0.0,0.0,0.0,0.0,0.0,0.0,0.0,0.0,0.0,0.0,0.0,0.0,0.0,0.0,0.0,0.0,0.0,0.0,0.0,0.0,0.0,0.0,0.0,0.0,0.0,0.0,0.0,0.0,0.0,0.0,0.0,0.0,0.0,0.0,0.0,0.0,0.0,0.0,0.0,0.0,0.0,0.0,0.0,0.0,0.0,0.0,0.0,0.0,0.0,0.0,0.0,0.0,0.0,0.0,0.0,0.0,0.0,0.0,0.0,0.0,0.0,0.0,0.0,0.0,0.0,0.0,0.0
32,7249.999992384,0.00795172408835315,0.00795172408835315,0.00795172408835315,0.00795172408835315,0.00795172408835315,0.00795172408835315,0.00795172408835315,0.00795172408835315,0.00795172408835315,0.00795172408835315,0.00795172408835315,0.00795172408835315,0.00795172408835315,0.00795172408835315,0.00795172408835315,0.00795172408835315,0.00795172408835315,0.00795172408835315,0.00795172408835315,0.00795172408835315,0.00795172408835315,0.00795172408835315,0.00795172408835315,0.00795172408835315,0.00795172408835315,0.00795172408835315,0.00795172408835315,0.00795172408835315,0.0005517241385106113,0.0005517241385106113,0.0005517241385106113,0.0005517241385106113,0.0005517241385106113,0.0005517241385106113,0.0005517241385106113,0.0005517241385106113,0.0005517241385106113,0.0005517241385106113,0.0005517241385106113,0.0005517241385106113,0.0005517241385106113,0.0005517241385106113,0.0005517241385106113,0.0005517241385106113,0.0005517241385106113,0.0005517241385106113,0.0005517241385106113,0.0005517241385106113,0.0005517241385106113,0.0005517241385106113,0.0005517241385106113,0.0005517241385106113,0.0004137931038829584,0.0004137931038829584,0.0004137931038829584,0.0004137931038829584,0.0004137931038829584,0.0004137931038829584,0.0004137931038829584,0.0004137931038829584,0.0004137931038829584,0.0004137931038829584,0.0004137931038829584,0.0004137931038829584,0.0004137931038829584,0.0004137931038829584,0.0004137931038829584,0.0004137931038829584,0.0004137931038829584,0.0004137931038829584,0.0004137931038829584,0.0004137931038829584,0.00027586206925530563,0.00027586206925530563,0.00027586206925530563,0.00027586206925530563,0.00027586206925530563,0.00027586206925530563,0.00027586206925530563,0.00027586206925530563,0.00027586206925530563,0.00027586206925530563,0.00027586206925530563,0.00027586206925530563,0.00027586206925530563,0.00027586206925530563,0.00027586206925530563,0.00027586206925530563,0.00027586206925530563,0.00027586206925530563,0.00027586206925530563,0.0,0.0,0.0,0.0,0.0,0.0,0.0,0.0,0.0
33,12655.489949753,0.008708473589531078,0.008708473589531078,0.008708473589531078,0.008708473589531078,0.008708473589531078,0.008708473589531078,0.008708473589531078,0.008708473589531078,0.008708473589531078,0.008708473589531078,0.008708473589531078,0.008708473589531078,0.008708473589531078,0.008708473589531078,0.008708473589531078,0.008708473589531078,0.008708473589531078,0.008708473589531078,0.008708473589531078,0.008708473589531078,0.008708473589531078,0.008708473589531078,0.008708473589531078,0.008708473589531078,0.0006321367273620361,0.0006321367273620361,0.0006321367273620361,0.0006321367273620361,0.0006321367273620361,0.0006321367273620361,0.0006321367273620361,0.0006321367273620361,0.0006321367273620361,0.0006321367273620361,0.0006321367273620361,0.0006321367273620361,0.0006321367273620361,0.0006321367273620361,0.0006321367273620361,0.0006321367273620361,0.0,0.0,0.0,0.0,0.0,0.0,0.0,0.0,0.0,0.0,0.0,0.0,0.0,0.0,0.0,0.0,0.0,0.0,0.0,0.0,0.0,0.0,0.0,0.0,0.0,0.0,0.0,0.0,0.0,0.0,0.0,0.0,0.0,0.0,0.0,0.0,0.0,0.0,0.0,0.0,0.0,0.0,0.0,0.0,0.0,0.0,0.0,0.0,0.0,0.0,0.0,0.0,0.0,0.0,0.0,0.0,0.0,0.0,0.0,0.0
34,6310.19000276,0.02453333409172909,0.02453333409172909,0.02453333409172909,0.02453333409172909,0.02453333409172909,0.02453333409172909,0.02453333409172909,0.02453333409172909,0.02453333409172909,0.02453333409172909,0.02453333409172909,0.02453333409172909,0.02453333409172909,0.02453333409172909,0.02453333409172909,0.02453333409172909,0.02453333409172909,0.02453333409172909,0.02453333409172909,0.02453333409172909,0.02453333409172909,0.02453333409172909,0.02453333409172909,0.02453333409172909,0.008508460093359572,0.008508460093359572,0.008508460093359572,0.008508460093359572,0.008508460093359572,0.008508460093359572,0.008508460093359572,0.008508460093359572,0.008508460093359572,0.008508460093359572,0.008508460093359572,0.008508460093359572,0.008508460093359572,0.008508460093359572,0.008508460093359572,0.008508460093359572,0.0059364297721012284,0.0059364297721012284,0.0059364297721012284,0.0059364297721012284,0.0059364297721012284,0.0059364297721012284,0.0059364297721012284,0.0059364297721012284,0.0059364297721012284,0.0059364297721012284,0.0059364297721012284,0.0059364297721012284,0.0059364297721012284,0.0059364297721012284,0.0059364297721012284,0.0059364297721012284,0.0059364297721012284,0.0059364297721012284,0.0059364297721012284,0.0059364297721012284,0.0059364297721012284,0.0059364297721012284,0.0059364297721012284,0.0059364297721012284,0.0059364297721012284,0.0059364297721012284,0.0059364297721012284,0.0059364297721012284,0.0059364297721012284,0.0059364297721012284,0.0059364297721012284,0.0059364297721012284,0.003646482909379227,0.003646482909379227,0.003646482909379227,0.003646482909379227,0.0,0.0,0.0,0.0,0.0,0.0,0.0,0.0,0.0,0.0,0.0,0.0,0.0,0.0,0.0,0.0,0.0,0.0,0.0,0.0,0.0,0.0,0.0,0.0
35,17197.180000764,0.0130352767488647,0.0130352767488647,0.0130352767488647,0.0130352767488647,0.0130352767488647,0.0130352767488647,0.0130352767488647,0.0130352767488647,0.0130352767488647,0.0130352767488647,0.0130352767488647,0.0130352767488647,0.0130352767488647,0.0130352767488647,0.0130352767488647,0.0130352767488647,0.0130352767488647,0.0130352767488647,0.0130352767488647,0.0130352767488647,0.0130352767488647,0.0130352767488647,0.0130352767488647,0.0130352767488647,0.0023306146593929577,0.0023306146593929577,0.0023306146593929577,0.0023306146593929577,0.0023306146593929577,0.0023306146593929577,0.0023306146593929577,0.0023306146593929577,0.0023306146593929577,0.0023306146593929577,0.0023306146593929577,0.0023306146593929577,0.0023306146593929577,0.0023306146593929577,0.0023306146593929577,0.0023306146593929577,0.0006826700540134146,0.0006826700540134146,0.0006826700540134146,0.0006826700540134146,0.0006826700540134146,0.0006826700540134146,0.0006826700540134146,0.0006826700540134146,0.0006826700540134146,0.0006826700540134146,0.0006826700540134146,0.0006826700540134146,0.0006826700540134146,0.0006826700540134146,0.0006826700540134146,0.0006826700540134146,0.0006826700540134146,0.0006826700540134146,0.0006826700540134146,0.0006826700540134146,0.0006826700540134146,0.0006826700540134146,0.0006826700540134146,0.0006826700540134146,0.0006826700540134146,0.0006826700540134146,0.0006826700540134146,0.0006826700540134146,0.0006826700540134146,0.0006826700540134146,0.0006826700540134146,0.0006826700540134146,0.00011629813724756752,0.00011629813724756752,0.00011629813724756752,0.00011629813724756752,0.0,0.0,0.0,0.0,0.0,0.0,0.0,0.0,0.0,0.0,0.0,0.0,0.0,0.0,0.0,0.0,0.0,0.0,0.0,0.0,0.0,0.0,0.0,0.0
36,0.0,0.0,0.0,0.0,0.0,0.0,0.0,0.0,0.0,0.0,0.0,0.0,0.0,0.0,0.0,0.0,0.0,0.0,0.0,0.0,0.0,0.0,0.0,0.0,0.0,0.0,0.0,0.0,0.0,0.0,0.0,0.0,0.0,0.0,0.0,0.0,0.0,0.0,0.0,0.0,0.0,0.0,0.0,0.0,0.0,0.0,0.0,0.0,0.0,0.0,0.0,0.0,0.0,0.0,0.0,0.0,0.0,0.0,0.0,0.0,0.0,0.0,0.0,0.0,0.0,0.0,0.0,0.0,0.0,0.0,0.0,0.0,0.0,0.0,0.0,0.0,0.0,0.0,0.0,0.0,0.0,0.0,0.0,0.0,0.0,0.0,0.0,0.0,0.0,0.0,0.0,0.0,0.0,0.0,0.0,0.0,0.0,0.0,0.0,0.0,0.0
37,6404.040003758,0.01871162579085729,0.01871162579085729,0.01871162579085729,0.01871162579085729,0.01871162579085729,0.01871162579085729,0.01871162579085729,0.01871162579085729,0.01871162579085729,0.01871162579085729,0.01871162579085729,0.01871162579085729,0.01871162579085729,0.01871162579085729,0.01871162579085729,0.01871162579085729,0.01871162579085729,0.01871162579085729,0.01871162579085729,0.01871162579085729,0.01871162579085729,0.01871162579085729,0.01871162579085729,0.01871162579085729,0.0036180286173108614,0.0036180286173108614,0.0036180286173108614,0.0036180286173108614,0.0036180286173108614,0.0036180286173108614,0.0036180286173108614,0.0036180286173108614,0.0036180286173108614,0.0036180286173108614,0.0036180286173108614,0.0036180286173108614,0.0036180286173108614,0.0036180286173108614,0.0036180286173108614,0.0036180286173108614,0.0017348423797291183,0.0017348423797291183,0.0017348423797291183,0.0017348423797291183,0.0017348423797291183,0.0017348423797291183,0.0017348423797291183,0.0017348423797291183,0.0017348423797291183,0.0017348423797291183,0.0017348423797291183,0.0017348423797291183,0.0017348423797291183,0.0017348423797291183,0.0017348423797291183,0.0017348423797291183,0.0017348423797291183,0.0017348423797291183,0.0017348423797291183,0.0017348423797291183,0.0017348423797291183,0.0017348423797291183,0.0017348423797291183,0.0017348423797291183,0.0017348423797291183,0.0017348423797291183,0.0017348423797291183,0.0017348423797291183,0.0017348423797291183,0.0017348423797291183,0.0017348423797291183,0.0017348423797291183,0.0010540221479002296,0.0010540221479002296,0.0010540221479002296,0.0010540221479002296,0.0,0.0,0.0,0.0,0.0,0.0,0.0,0.0,0.0,0.0,0.0,0.0,0.0,0.0,0.0,0.0,0.0,0.0,0.0,0.0,0.0,0.0,0.0,0.0
38,28572.859951046,0.04165176411038378,0.04165176411038378,0.04165176411038378,0.04165176411038378,0.04165176411038378,0.04165176411038378,0.04165176411038378,0.04165176411038378,0.04165176411038378,0.04165176411038378,0.04165176411038378,0.04165176411038378,0.04165176411038378,0.04165176411038378,0.04165176411038378,0.04165176411038378,0.04165176411038378,0.04165176411038378,0.04165176411038378,0.04165176411038378,0.04165176411038378,0.04165176411038378,0.04165176411038378,0.04165176411038378,0.009809658653359232,0.009809658653359232,0.009809658653359232,0.009809658653359232,0.009809658653359232,0.009809658653359232,0.009809658653359232,0.009809658653359232,0.009809658653359232,0.009809658653359232,0.009809658653359232,0.009809658653359232,0.009809658653359232,0.009809658653359232,0.009809658653359232,0.009809658653359232,0.0009089044538941625,0.0009089044538941625,0.0009089044538941625,0.0009089044538941625,0.0009089044538941625,0.0009089044538941625,0.0009089044538941625,0.0009089044538941625,0.0009089044538941625,0.0009089044538941625,0.0009089044538941625,0.0009089044538941625,0.0009089044538941625,0.0009089044538941625,0.0009089044538941625,0.0009089044538941625,0.0009089044538941625,0.0009089044538941625,0.0009089044538941625,0.0009089044538941625,0.0009089044538941625,0.0009089044538941625,0.0009089044538941625,0.0009089044538941625,0.0009089044538941625,0.0009089044538941625,0.0009089044538941625,0.0009089044538941625,0.0009089044538941625,0.0009089044538941625,0.0009089044538941625,0.0009089044538941625,0.0007111643613839913,0.0007111643613839913,0.0007111643613839913,0.0007111643613839913,0.0,0.0,0.0,0.0,0.0,0.0,0.0,0.0,0.0,0.0,0.0,0.0,0.0,0.0,0.0,0.0,0.0,0.0,0.0,0.0,0.0,0.0,0.0,0.0
39,0.0,0.0,0.0,0.0,0.0,0.0,0.0,0.0,0.0,0.0,0.0,0.0,0.0,0.0,0.0,0.0,0.0,0.0,0.0,0.0,0.0,0.0,0.0,0.0,0.0,0.0,0.0,0.0,0.0,0.0,0.0,0.0,0.0,0.0,0.0,0.0,0.0,0.0,0.0,0.0,0.0,0.0,0.0,0.0,0.0,0.0,0.0,0.0,0.0,0.0,0.0,0.0,0.0,0.0,0.0,0.0,0.0,0.0,0.0,0.0,0.0,0.0,0.0,0.0,0.0,0.0,0.0,0.0,0.0,0.0,0.0,0.0,0.0,0.0,0.0,0.0,0.0,0.0,0.0,0.0,0.0,0.0,0.0,0.0,0.0,0.0,0.0,0.0,0.0,0.0,0.0,0.0,0.0,0.0,0.0,0.0,0.0,0.0,0.0,0.0,0.0
40,2612.79001139,0.013181311907908732,0.013181311907908732,0.013181311907908732,0.013181311907908732,0.013181311907908732,0.013181311907908732,0.013181311907908732,0.013181311907908732,0.013181311907908732,0.013181311907908732,0.013181311907908732,0.013181311907908732,0.013181311907908732,0.013181311907908732,0.013181311907908732,0.013181311907908732,0.013181311907908732,0.013181311907908732,0.013181311907908732,0.013181311907908732,0.013181311907908732,0.013181311907908732,0.013181311907908732,0.013181311907908732,0.0015309305311803465,0.0015309305311803465,0.0015309305311803465,0.0015309305311803465,0.0015309305311803465,0.0015309305311803465,0.0015309305311803465,0.0015309305311803465,0.0015309305311803465,0.0015309305311803465,0.0015309305311803465,0.0015309305311803465,0.0015309305311803465,0.0015309305311803465,0.0015309305311803465,0.0015309305311803465,0.00038273263279508564,0.00038273263279508564,0.00038273263279508564,0.00038273263279508564,0.00038273263279508564,0.00038273263279508564,0.00038273263279508564,0.00038273263279508564,0.00038273263279508564,0.00038273263279508564,0.00038273263279508564,0.00038273263279508564,0.00038273263279508564,0.00038273263279508564,0.00038273263279508564,0.00038273263279508564,0.00038273263279508564,0.00038273263279508564,0.00038273263279508564,0.00038273263279508564,0.00038273263279508564,0.00038273263279508564,0.00038273263279508564,0.00038273263279508564,0.00038273263279508564,0.00038273263279508564,0.00038273263279508564,0.00038273263279508564,0.00038273263279508564,0.00038273263279508564,0.00038273263279508564,0.00038273263279508564,0.00038273263279508564,0.00038273263279508564,0.00038273263279508564,0.00038273263279508564,0.0,0.0,0.0,0.0,0.0,0.0,0.0,0.0,0.0,0.0,0.0,0.0,0.0,0.0,0.0,0.0,0.0,0.0,0.0,0.0,0.0,0.0,0.0,0.0
41,20275.740008376,0.01160253572756492,0.01160253572756492,0.01160253572756492,0.01160253572756492,0.01160253572756492,0.01160253572756492,0.01160253572756492,0.01160253572756492,0.01160253572756492,0.01160253572756492,0.01160253572756492,0.01160253572756492,0.01160253572756492,0.01160253572756492,0.01160253572756492,0.01160253572756492,0.01160253572756492,0.01160253572756492,0.01160253572756492,0.01160253572756492,0.01160253572756492,0.01160253572756492,0.01160253572756492,0.01160253572756492,0.01160253572756492,0.01160253572756492,0.01160253572756492,0.01160253572756492,0.01160253572756492,0.01160253572756492,0.01160253572756492,0.01160253572756492,0.01160253572756492,0.0017863713080280839,0.0017863713080280839,0.0017863713080280839,0.0017863713080280839,0.0017863713080280839,0.0017863713080280839,0.0017863713080280839,0.0017863713080280839,0.0017863713080280839,0.0017863713080280839,0.0017863713080280839,0.0017863713080280839,0.0017863713080280839,0.0017863713080280839,0.0017863713080280839,0.0017863713080280839,0.0017863713080280839,0.0003945601983796966,0.0003945601983796966,0.0003945601983796966,0.0003945601983796966,0.0003945601983796966,0.0003945601983796966,0.0003945601983796966,0.0003945601983796966,0.0003945601983796966,0.0003945601983796966,0.0003945601983796966,0.0003945601983796966,0.0003945601983796966,0.0003945601983796966,0.0003945601983796966,0.0003945601983796966,0.0003945601983796966,0.0003945601983796966,0.0003945601983796966,0.0003945601983796966,0.0003945601983796966,0.0003945601983796966,0.0003945601983796966,0.0003945601983796966,0.0003945601983796966,0.0003945601983796966,0.0003945601983796966,0.0003945601983796966,9.864004959492362e-05,9.864004959492362e-05,0.0,0.0,0.0,0.0,0.0,0.0,0.0,0.0,0.0,0.0,0.0,0.0,0.0,0.0,0.0,0.0,0.0,0.0,0.0,0.0
42,3249.1999922388,0.02725286233888801,0.02725286233888801,0.02725286233888801,0.02725286233888801,0.02725286233888801,0.02725286233888801,0.02725286233888801,0.02725286233888801,0.02725286233888801,0.02725286233888801,0.02725286233888801,0.02725286233888801,0.02725286233888801,0.02725286233888801,0.02725286233888801,0.02725286233888801,0.02725286233888801,0.02725286233888801,0.02725286233888801,0.02725286233888801,0.02725286233888801,0.02725286233888801,0.02725286233888801,0.02725286233888801,0.02725286233888801,0.02725286233888801,0.02725286233888801,0.02725286233888801,0.009513110939256789,0.009513110939256789,0.009513110939256789,0.009513110939256789,0.009513110939256789,0.009513110939256789,0.009513110939256789,0.009513110939256789,0.009513110939256789,0.009513110939256789,0.009513110939256789,0.009513110939256789,0.009513110939256789,0.009513110939256789,0.009513110939256789,0.009513110939256789,0.009513110939256789,0.009513110939256789,0.009513110939256789,0.009513110939256789,0.009513110939256789,0.009513110939256789,0.009513110939256789,0.009513110939256789,0.002397513239753657,0.002397513239753657,0.002397513239753657,0.002397513239753657,0.002397513239753657,0.002397513239753657,0.002397513239753657,0.002397513239753657,0.002397513239753657,0.002397513239753657,0.002397513239753657,0.002397513239753657,0.002397513239753657,0.002397513239753657,0.002397513239753657,0.002397513239753657,0.002397513239753657,0.002397513239753657,0.002397513239753657,0.002397513239753657,0.0017081127702994606,0.0017081127702994606,0.0017081127702994606,0.0017081127702994606,0.0017081127702994606,0.0017081127702994606,0.0017081127702994606,0.0017081127702994606,0.0017081127702994606,0.0017081127702994606,0.0017081127702994606,0.0017081127702994606,0.0017081127702994606,0.0017081127702994606,0.0017081127702994606,0.0017081127702994606,0.0017081127702994606,0.0017081127702994606,0.0017081127702994606,0.0,0.0,0.0,0.0,0.0,0.0,0.0,0.0,0.0
43,10007.769999783,0.028020228203294077,0.028020228203294077,0.028020228203294077,0.028020228203294077,0.028020228203294077,0.028020228203294077,0.028020228203294077,0.028020228203294077,0.028020228203294077,0.028020228203294077,0.028020228203294077,0.028020228203294077,0.00659987191966164,0.00659987191966164,0.00659987191966164,0.00659987191966164,0.00659987191966164,0.00659987191966164,0.00659987191966164,0.00659987191966164,0.00659987191966164,0.00659987191966164,0.00659987191966164,0.00659987191966164,0.0027388718766113065,0.0027388718766113065,0.0027388718766113065,0.0027388718766113065,0.0027388718766113065,0.0027388718766113065,0.0027388718766113065,0.0027388718766113065,0.0027388718766113065,0.0027388718766113065,0.0027388718766113065,0.0027388718766113065,0.0027388718766113065,0.0027388718766113065,0.0027388718766113065,0.0027388718766113065,0.0027388718766113065,0.0027388718766113065,0.0027388718766113065,0.0027388718766113065,0.0027388718766113065,0.0027388718766113065,0.0027388718766113065,0.0027388718766113065,0.0027388718766113065,0.0027388718766113065,0.0027388718766113065,0.0027388718766113065,0.0027388718766113065,0.0027388718766113065,0.0027388718766113065,0.0027388718766113065,0.0027388718766113065,0.0027388718766113065,0.0027388718766113065,0.0027388718766113065,0.0027388718766113065,0.0027388718766113065,0.0027388718766113065,0.0027388718766113065,0.0027388718766113065,0.0027388718766113065,0.0027388718766113065,0.0027388718766113065,0.0027388718766113065,0.0027388718766113065,0.0027388718766113065,0.0027388718766113065,0.0,0.0,0.0,0.0,0.0,0.0,0.0,0.0,0.0,0.0,0.0,0.0,0.0,0.0,0.0,0.0,0.0,0.0,0.0,0.0,0.0,0.0,0.0,0.0,0.0,0.0,0.0,0.0
