n_sector,addetti_ul,1,2,3,4,5,6,7,8,9,10,11,12,13,14,15,16,17,18,19,20,21,22,23,24,25,26,27,28,29,30,31,32,33,34,35,36,37,38,39,40,41,42,43,44,45,46,47,48,49,50,51,52,53,54,55,56,57,58,59,60,61,62,63,64,65,66,67,68,69,70,71,72,73,74,75,76,77,78,79,80,81,82,83,84,85,86,87,88,89,90,91,92,93,94,95,96,97,98,99,100
3,914.85999705,0.009903154503655538,0.009903154503655538,0.009903154503655538,0.009903154503655538,0.009903154503655538,0.009903154503655538,0.009903154503655538,0.009903154503655538,0.009903154503655538,0.009903154503655538,0.009903154503655538,0.009903154503655538,0.009903154503655538,0.009903154503655538,0.009903154503655538,0.009903154503655538,0.009903154503655538,0.009903154503655538,0.009903154503655538,0.009903154503655538,0.009903154503655538,0.009903154503655538,0.009903154503655538,0.009903154503655538,0.007717027657527088,0.007717027657527088,0.007717027657527088,0.007717027657527088,0.007717027657527088,0.007717027657527088,0.007717027657527088,0.007717027657527088,0.007717027657527088,0.007717027657527088,0.007717027657527088,0.007717027657527088,0.007717027657527088,0.007717027657527088,0.007717027657527088,0.007717027657527088,0.007717027657527088,0.007717027657527088,0.007717027657527088,0.007717027657527088,0.007717027657527088,0.007717027657527088,0.007717027657527088,0.007717027657527088,0.007717027657527088,0.007717027657527088,0.007717027657527088,0.007717027657527088,0.007717027657527088,0.007717027657527088,0.007717027657527088,0.007717027657527088,0.007717027657527088,0.007717027657527088,0.007717027657527088,0.007717027657527088,0.007717027657527088,0.007717027657527088,0.007717027657527088,0.007717027657527088,0.007717027657527088,0.007717027657527088,0.007717027657527088,0.007717027657527088,0.007717027657527088,0.007717027657527088,0.007717027657527088,0.007717027657527088,0.0,0.0,0.0,0.0,0.0,0.0,0.0,0.0,0.0,0.0,0.0,0.0,0.0,0.0,0.0,0.0,0.0,0.0,0.0,0.0,0.0,0.0,0.0,0.0,0.0,0.0,0.0,0.0
4,47934.760030393,0.0031645094372814435,0.0031645094372814435,0.0031645094372814435,0.0031645094372814435,0.0031645094372814435,0.0031645094372814435,0.0031645094372814435,0.0031645094372814435,0.0031645094372814435,0.0031645094372814435,0.0031645094372814435,0.0031645094372814435,0.0031645094372814435,0.0031645094372814435,0.0031645094372814435,0.0031645094372814435,0.0031645094372814435,0.0031645094372814435,0.0031645094372814435,0.0031645094372814435,0.0031645094372814435,0.0031645094372814435,0.0031645094372814435,0.0031645094372814435,0.0011092159565686277,0.0011092159565686277,0.0011092159565686277,0.0011092159565686277,0.0011092159565686277,0.0011092159565686277,0.0011092159565686277,0.0011092159565686277,0.0011092159565686277,0.0011092159565686277,0.0011092159565686277,0.0011092159565686277,0.0011092159565686277,0.0011092159565686277,0.0011092159565686277,0.0011092159565686277,0.00036987772524068745,0.00036987772524068745,0.00036987772524068745,0.00036987772524068745,0.00036987772524068745,0.00036987772524068745,0.00036987772524068745,0.00036987772524068745,0.00036987772524068745,0.00036987772524068745,0.00036987772524068745,0.00036987772524068745,0.00036987772524068745,0.00036987772524068745,0.00036987772524068745,0.00036987772524068745,0.00036987772524068745,0.00036987772524068745,0.00036987772524068745,0.00036987772524068745,0.00036987772524068745,0.00036987772524068745,0.00036987772524068745,0.00036987772524068745,0.00036987772524068745,0.00036987772524068745,0.00036987772524068745,0.00036987772524068745,0.00036987772524068745,0.00036987772524068745,0.00036987772524068745,0.00036987772524068745,0.00010076195013675946,0.00010076195013675946,0.00010076195013675946,0.00010076195013675946,0.0,0.0,0.0,0.0,0.0,0.0,0.0,0.0,0.0,0.0,0.0,0.0,0.0,0.0,0.0,0.0,0.0,0.0,0.0,0.0,0.0,0.0,0.0,0.0
5,67909.1199645398,0.025797713337837275,0.025797713337837275,0.025797713337837275,0.025797713337837275,0.0,0.0,0.0,0.0,0.0,0.0,0.0,0.0,0.0,0.0,0.0,0.0,0.0,0.0,0.0,0.0,0.0,0.0,0.0,0.0,0.0,0.0,0.0,0.0,0.0,0.0,0.0,0.0,0.0,0.0,0.0,0.0,0.0,0.0,0.0,0.0,0.0,0.0,0.0,0.0,0.0,0.0,0.0,0.0,0.0,0.0,0.0,0.0,0.0,0.0,0.0,0.0,0.0,0.0,0.0,0.0,0.0,0.0,0.0,0.0,0.0,0.0,0.0,0.0,0.0,0.0,0.0,0.0,0.0,0.0,0.0,0.0,0.0,0.0,0.0,0.0,0.0,0.0,0.0,0.0,0.0,0.0,0.0,0.0,0.0,0.0,0.0,0.0,0.0,0.0,0.0,0.0,0.0,0.0,0.0,0.0
6,13389.100004984999,0.013429580624019057,0.013429580624019057,0.013429580624019057,0.013429580624019057,0.0,0.0,0.0,0.0,0.0,0.0,0.0,0.0,0.0,0.0,0.0,0.0,0.0,0.0,0.0,0.0,0.0,0.0,0.0,0.0,0.0,0.0,0.0,0.0,0.0,0.0,0.0,0.0,0.0,0.0,0.0,0.0,0.0,0.0,0.0,0.0,0.0,0.0,0.0,0.0,0.0,0.0,0.0,0.0,0.0,0.0,0.0,0.0,0.0,0.0,0.0,0.0,0.0,0.0,0.0,0.0,0.0,0.0,0.0,0.0,0.0,0.0,0.0,0.0,0.0,0.0,0.0,0.0,0.0,0.0,0.0,0.0,0.0,0.0,0.0,0.0,0.0,0.0,0.0,0.0,0.0,0.0,0.0,0.0,0.0,0.0,0.0,0.0,0.0,0.0,0.0,0.0,0.0,0.0,0.0,0.0
7,11835.180002979001,0.011955880617310713,0.011955880617310713,0.011955880617310713,0.011955880617310713,0.0,0.0,0.0,0.0,0.0,0.0,0.0,0.0,0.0,0.0,0.0,0.0,0.0,0.0,0.0,0.0,0.0,0.0,0.0,0.0,0.0,0.0,0.0,0.0,0.0,0.0,0.0,0.0,0.0,0.0,0.0,0.0,0.0,0.0,0.0,0.0,0.0,0.0,0.0,0.0,0.0,0.0,0.0,0.0,0.0,0.0,0.0,0.0,0.0,0.0,0.0,0.0,0.0,0.0,0.0,0.0,0.0,0.0,0.0,0.0,0.0,0.0,0.0,0.0,0.0,0.0,0.0,0.0,0.0,0.0,0.0,0.0,0.0,0.0,0.0,0.0,0.0,0.0,0.0,0.0,0.0,0.0,0.0,0.0,0.0,0.0,0.0,0.0,0.0,0.0,0.0,0.0,0.0,0.0,0.0,0.0
8,11458.050053875,0.0671074070347562,0.0671074070347562,0.0671074070347562,0.0671074070347562,0.0,0.0,0.0,0.0,0.0,0.0,0.0,0.0,0.0,0.0,0.0,0.0,0.0,0.0,0.0,0.0,0.0,0.0,0.0,0.0,0.0,0.0,0.0,0.0,0.0,0.0,0.0,0.0,0.0,0.0,0.0,0.0,0.0,0.0,0.0,0.0,0.0,0.0,0.0,0.0,0.0,0.0,0.0,0.0,0.0,0.0,0.0,0.0,0.0,0.0,0.0,0.0,0.0,0.0,0.0,0.0,0.0,0.0,0.0,0.0,0.0,0.0,0.0,0.0,0.0,0.0,0.0,0.0,0.0,0.0,0.0,0.0,0.0,0.0,0.0,0.0,0.0,0.0,0.0,0.0,0.0,0.0,0.0,0.0,0.0,0.0,0.0,0.0,0.0,0.0,0.0,0.0,0.0,0.0,0.0,0.0
9,735.669999899,0.03338453247158622,0.03338453247158622,0.03338453247158622,0.03338453247158622,0.03338453247158622,0.03338453247158622,0.03338453247158622,0.03338453247158622,0.03338453247158622,0.03338453247158622,0.03338453247158622,0.03338453247158622,0.03338453247158622,0.03338453247158622,0.03338453247158622,0.03338453247158622,0.03338453247158622,0.03338453247158622,0.03338453247158622,0.03338453247158622,0.03338453247158622,0.03338453247158622,0.03338453247158622,0.03338453247158622,0.0,0.0,0.0,0.0,0.0,0.0,0.0,0.0,0.0,0.0,0.0,0.0,0.0,0.0,0.0,0.0,0.0,0.0,0.0,0.0,0.0,0.0,0.0,0.0,0.0,0.0,0.0,0.0,0.0,0.0,0.0,0.0,0.0,0.0,0.0,0.0,0.0,0.0,0.0,0.0,0.0,0.0,0.0,0.0,0.0,0.0,0.0,0.0,0.0,0.0,0.0,0.0,0.0,0.0,0.0,0.0,0.0,0.0,0.0,0.0,0.0,0.0,0.0,0.0,0.0,0.0,0.0,0.0,0.0,0.0,0.0,0.0,0.0,0.0,0.0,0.0
10,11011.60000377,0.010184714125250066,0.010184714125250066,0.010184714125250066,0.010184714125250066,0.010184714125250066,0.010184714125250066,0.010184714125250066,0.010184714125250066,0.010184714125250066,0.010184714125250066,0.010184714125250066,0.010184714125250066,0.010184714125250066,0.010184714125250066,0.010184714125250066,0.010184714125250066,0.010184714125250066,0.010184714125250066,0.010184714125250066,0.010184714125250066,0.010184714125250066,0.010184714125250066,0.010184714125250066,0.010184714125250066,0.0014212285312435948,0.0014212285312435948,0.0014212285312435948,0.0014212285312435948,0.0014212285312435948,0.0014212285312435948,0.0014212285312435948,0.0014212285312435948,0.0014212285312435948,0.0014212285312435948,0.0014212285312435948,0.0014212285312435948,0.0014212285312435948,0.0014212285312435948,0.0014212285312435948,0.0014212285312435948,0.0012396018830439447,0.0012396018830439447,0.0012396018830439447,0.0012396018830439447,0.0012396018830439447,0.0012396018830439447,0.0012396018830439447,0.0012396018830439447,0.0012396018830439447,0.0012396018830439447,0.0012396018830439447,0.0012396018830439447,0.0012396018830439447,0.0012396018830439447,0.0012396018830439447,0.0012396018830439447,0.0012396018830439447,0.0012396018830439447,0.0012396018830439447,0.0012396018830439447,0.0012396018830439447,0.0012396018830439447,0.0012396018830439447,0.0012396018830439447,0.0012396018830439447,0.0012396018830439447,0.0012396018830439447,0.0012396018830439447,0.0012396018830439447,0.0012396018830439447,0.0012396018830439447,0.0012396018830439447,0.0,0.0,0.0,0.0,0.0,0.0,0.0,0.0,0.0,0.0,0.0,0.0,0.0,0.0,0.0,0.0,0.0,0.0,0.0,0.0,0.0,0.0,0.0,0.0,0.0,0.0,0.0,0.0
11,0.0,0.0,0.0,0.0,0.0,0.0,0.0,0.0,0.0,0.0,0.0,0.0,0.0,0.0,0.0,0.0,0.0,0.0,0.0,0.0,0.0,0.0,0.0,0.0,0.0,0.0,0.0,0.0,0.0,0.0,0.0,0.0,0.0,0.0,0.0,0.0,0.0,0.0,0.0,0.0,0.0,0.0,0.0,0.0,0.0,0.0,0.0,0.0,0.0,0.0,0.0,0.0,0.0,0.0,0.0,0.0,0.0,0.0,0.0,0.0,0.0,0.0,0.0,0.0,0.0,0.0,0.0,0.0,0.0,0.0,0.0,0.0,0.0,0.0,0.0,0.0,0.0,0.0,0.0,0.0,0.0,0.0,0.0,0.0,0.0,0.0,0.0,0.0,0.0,0.0,0.0,0.0,0.0,0.0,0.0,0.0,0.0,0.0,0.0,0.0,0.0
12,26087.00001798,0.013912293650471766,0.013912293650471766,0.013912293650471766,0.013912293650471766,0.0,0.0,0.0,0.0,0.0,0.0,0.0,0.0,0.0,0.0,0.0,0.0,0.0,0.0,0.0,0.0,0.0,0.0,0.0,0.0,0.0,0.0,0.0,0.0,0.0,0.0,0.0,0.0,0.0,0.0,0.0,0.0,0.0,0.0,0.0,0.0,0.0,0.0,0.0,0.0,0.0,0.0,0.0,0.0,0.0,0.0,0.0,0.0,0.0,0.0,0.0,0.0,0.0,0.0,0.0,0.0,0.0,0.0,0.0,0.0,0.0,0.0,0.0,0.0,0.0,0.0,0.0,0.0,0.0,0.0,0.0,0.0,0.0,0.0,0.0,0.0,0.0,0.0,0.0,0.0,0.0,0.0,0.0,0.0,0.0,0.0,0.0,0.0,0.0,0.0,0.0,0.0,0.0,0.0,0.0,0.0
13,21844.679987048,0.02122805183481496,0.02122805183481496,0.02122805183481496,0.02122805183481496,0.0,0.0,0.0,0.0,0.0,0.0,0.0,0.0,0.0,0.0,0.0,0.0,0.0,0.0,0.0,0.0,0.0,0.0,0.0,0.0,0.0,0.0,0.0,0.0,0.0,0.0,0.0,0.0,0.0,0.0,0.0,0.0,0.0,0.0,0.0,0.0,0.0,0.0,0.0,0.0,0.0,0.0,0.0,0.0,0.0,0.0,0.0,0.0,0.0,0.0,0.0,0.0,0.0,0.0,0.0,0.0,0.0,0.0,0.0,0.0,0.0,0.0,0.0,0.0,0.0,0.0,0.0,0.0,0.0,0.0,0.0,0.0,0.0,0.0,0.0,0.0,0.0,0.0,0.0,0.0,0.0,0.0,0.0,0.0,0.0,0.0,0.0,0.0,0.0,0.0,0.0,0.0,0.0,0.0,0.0,0.0
14,13900.49001727,0.03482970675843017,0.03482970675843017,0.03482970675843017,0.03482970675843017,0.03482970675843017,0.03482970675843017,0.03482970675843017,0.03482970675843017,0.03482970675843017,0.03482970675843017,0.03482970675843017,0.03482970675843017,0.03482970675843017,0.03482970675843017,0.03482970675843017,0.03482970675843017,0.03482970675843017,0.03482970675843017,0.03482970675843017,0.03482970675843017,0.03482970675843017,0.03482970675843017,0.03482970675843017,0.03482970675843017,0.028724885849629848,0.028724885849629848,0.028724885849629848,0.028724885849629848,0.028724885849629848,0.028724885849629848,0.028724885849629848,0.028724885849629848,0.028724885849629848,0.028724885849629848,0.028724885849629848,0.028724885849629848,0.028724885849629848,0.028724885849629848,0.028724885849629848,0.028724885849629848,0.028724885849629848,0.028724885849629848,0.028724885849629848,0.028724885849629848,0.028724885849629848,0.028724885849629848,0.028724885849629848,0.028724885849629848,0.028724885849629848,0.028724885849629848,0.028724885849629848,0.028724885849629848,0.028724885849629848,0.028724885849629848,0.028724885849629848,0.028724885849629848,0.028724885849629848,0.028724885849629848,0.028724885849629848,0.028724885849629848,0.028724885849629848,0.028724885849629848,0.028724885849629848,0.028724885849629848,0.028724885849629848,0.028724885849629848,0.028724885849629848,0.028724885849629848,0.028724885849629848,0.028724885849629848,0.028724885849629848,0.028724885849629848,0.0252861582263149,0.0252861582263149,0.0252861582263149,0.0252861582263149,0.0,0.0,0.0,0.0,0.0,0.0,0.0,0.0,0.0,0.0,0.0,0.0,0.0,0.0,0.0,0.0,0.0,0.0,0.0,0.0,0.0,0.0,0.0,0.0
15,86738.490060118,0.011238378716465679,0.011238378716465679,0.011238378716465679,0.011238378716465679,0.0,0.0,0.0,0.0,0.0,0.0,0.0,0.0,0.0,0.0,0.0,0.0,0.0,0.0,0.0,0.0,0.0,0.0,0.0,0.0,0.0,0.0,0.0,0.0,0.0,0.0,0.0,0.0,0.0,0.0,0.0,0.0,0.0,0.0,0.0,0.0,0.0,0.0,0.0,0.0,0.0,0.0,0.0,0.0,0.0,0.0,0.0,0.0,0.0,0.0,0.0,0.0,0.0,0.0,0.0,0.0,0.0,0.0,0.0,0.0,0.0,0.0,0.0,0.0,0.0,0.0,0.0,0.0,0.0,0.0,0.0,0.0,0.0,0.0,0.0,0.0,0.0,0.0,0.0,0.0,0.0,0.0,0.0,0.0,0.0,0.0,0.0,0.0,0.0,0.0,0.0,0.0,0.0,0.0,0.0,0.0
16,9547.89001336,0.05061432400392051,0.05061432400392051,0.05061432400392051,0.05061432400392051,0.05061432400392051,0.05061432400392051,0.05061432400392051,0.05061432400392051,0.05061432400392051,0.05061432400392051,0.05061432400392051,0.05061432400392051,0.05061432400392051,0.05061432400392051,0.05061432400392051,0.05061432400392051,0.05061432400392051,0.05061432400392051,0.05061432400392051,0.05061432400392051,0.05061432400392051,0.05061432400392051,0.05061432400392051,0.05061432400392051,0.05061432400392051,0.05061432400392051,0.05061432400392051,0.05061432400392051,0.050509588821738824,0.050509588821738824,0.050509588821738824,0.050509588821738824,0.050509588821738824,0.050509588821738824,0.050509588821738824,0.050509588821738824,0.050509588821738824,0.050509588821738824,0.050509588821738824,0.050509588821738824,0.050509588821738824,0.050509588821738824,0.050509588821738824,0.050509588821738824,0.050509588821738824,0.050509588821738824,0.050509588821738824,0.050509588821738824,0.050509588821738824,0.050509588821738824,0.050509588821738824,0.050509588821738824,0.04559646142559574,0.04559646142559574,0.04559646142559574,0.04559646142559574,0.04559646142559574,0.04559646142559574,0.04559646142559574,0.04559646142559574,0.04559646142559574,0.04559646142559574,0.04559646142559574,0.04559646142559574,0.04559646142559574,0.04559646142559574,0.04559646142559574,0.04559646142559574,0.04559646142559574,0.04559646142559574,0.04559646142559574,0.04559646142559574,0.0002827849908432097,0.0002827849908432097,0.0002827849908432097,0.0002827849908432097,0.0002827849908432097,0.0002827849908432097,0.0002827849908432097,0.0002827849908432097,0.0002827849908432097,0.0002827849908432097,0.0002827849908432097,0.0002827849908432097,0.0002827849908432097,0.0002827849908432097,0.0002827849908432097,0.0002827849908432097,0.0002827849908432097,0.0002827849908432097,0.0002827849908432097,0.0,0.0,0.0,0.0,0.0,0.0,0.0,0.0,0.0
17,31981.260033597,0.006632946799693098,0.006632946799693098,0.006632946799693098,0.006632946799693098,0.006632946799693098,0.006632946799693098,0.006632946799693098,0.006632946799693098,0.006632946799693098,0.006632946799693098,0.006632946799693098,0.006632946799693098,0.006632946799693098,0.006632946799693098,0.006632946799693098,0.006632946799693098,0.006632946799693098,0.006632946799693098,0.006632946799693098,0.006632946799693098,0.006632946799693098,0.006632946799693098,0.006632946799693098,0.006632946799693098,0.006632946799693098,0.006632946799693098,0.006632946799693098,0.006632946799693098,0.0012766851480244122,0.0012766851480244122,0.0012766851480244122,0.0012766851480244122,0.0012766851480244122,0.0012766851480244122,0.0012766851480244122,0.0012766851480244122,0.0012766851480244122,0.0012766851480244122,0.0012766851480244122,0.0012766851480244122,0.0012766851480244122,0.0012766851480244122,0.0012766851480244122,0.0012766851480244122,0.0012766851480244122,0.0012766851480244122,0.0012766851480244122,0.0012766851480244122,0.0012766851480244122,0.0012766851480244122,0.0012766851480244122,0.0012766851480244122,0.001151611902136104,0.001151611902136104,0.001151611902136104,0.001151611902136104,0.001151611902136104,0.001151611902136104,0.001151611902136104,0.001151611902136104,0.001151611902136104,0.001151611902136104,0.001151611902136104,0.001151611902136104,0.001151611902136104,0.001151611902136104,0.001151611902136104,0.001151611902136104,0.001151611902136104,0.001151611902136104,0.001151611902136104,0.001151611902136104,0.001151611902136104,0.001151611902136104,0.001151611902136104,0.001151611902136104,0.001151611902136104,0.001151611902136104,0.001151611902136104,0.001151611902136104,0.001151611902136104,0.001151611902136104,0.001151611902136104,0.001151611902136104,0.001151611902136104,0.001151611902136104,0.001151611902136104,0.001151611902136104,0.001151611902136104,0.001151611902136104,0.001151611902136104,0.0,0.0,0.0,0.0,0.0,0.0,0.0,0.0,0.0
18,77390.920127877,0.007455267507436825,0.007455267507436825,0.007455267507436825,0.007455267507436825,0.0,0.0,0.0,0.0,0.0,0.0,0.0,0.0,0.0,0.0,0.0,0.0,0.0,0.0,0.0,0.0,0.0,0.0,0.0,0.0,0.0,0.0,0.0,0.0,0.0,0.0,0.0,0.0,0.0,0.0,0.0,0.0,0.0,0.0,0.0,0.0,0.0,0.0,0.0,0.0,0.0,0.0,0.0,0.0,0.0,0.0,0.0,0.0,0.0,0.0,0.0,0.0,0.0,0.0,0.0,0.0,0.0,0.0,0.0,0.0,0.0,0.0,0.0,0.0,0.0,0.0,0.0,0.0,0.0,0.0,0.0,0.0,0.0,0.0,0.0,0.0,0.0,0.0,0.0,0.0,0.0,0.0,0.0,0.0,0.0,0.0,0.0,0.0,0.0,0.0,0.0,0.0,0.0,0.0,0.0,0.0
19,6836.499996048,0.01743289696027131,0.01743289696027131,0.01743289696027131,0.01743289696027131,0.0,0.0,0.0,0.0,0.0,0.0,0.0,0.0,0.0,0.0,0.0,0.0,0.0,0.0,0.0,0.0,0.0,0.0,0.0,0.0,0.0,0.0,0.0,0.0,0.0,0.0,0.0,0.0,0.0,0.0,0.0,0.0,0.0,0.0,0.0,0.0,0.0,0.0,0.0,0.0,0.0,0.0,0.0,0.0,0.0,0.0,0.0,0.0,0.0,0.0,0.0,0.0,0.0,0.0,0.0,0.0,0.0,0.0,0.0,0.0,0.0,0.0,0.0,0.0,0.0,0.0,0.0,0.0,0.0,0.0,0.0,0.0,0.0,0.0,0.0,0.0,0.0,0.0,0.0,0.0,0.0,0.0,0.0,0.0,0.0,0.0,0.0,0.0,0.0,0.0,0.0,0.0,0.0,0.0,0.0,0.0
20,6400.979968528,0.0022152857327658376,0.0022152857327658376,0.0022152857327658376,0.0022152857327658376,0.0,0.0,0.0,0.0,0.0,0.0,0.0,0.0,0.0,0.0,0.0,0.0,0.0,0.0,0.0,0.0,0.0,0.0,0.0,0.0,0.0,0.0,0.0,0.0,0.0,0.0,0.0,0.0,0.0,0.0,0.0,0.0,0.0,0.0,0.0,0.0,0.0,0.0,0.0,0.0,0.0,0.0,0.0,0.0,0.0,0.0,0.0,0.0,0.0,0.0,0.0,0.0,0.0,0.0,0.0,0.0,0.0,0.0,0.0,0.0,0.0,0.0,0.0,0.0,0.0,0.0,0.0,0.0,0.0,0.0,0.0,0.0,0.0,0.0,0.0,0.0,0.0,0.0,0.0,0.0,0.0,0.0,0.0,0.0,0.0,0.0,0.0,0.0,0.0,0.0,0.0,0.0,0.0,0.0,0.0,0.0
21,60834.910079999005,0.009023601671772356,0.009023601671772356,0.009023601671772356,0.009023601671772356,0.0,0.0,0.0,0.0,0.0,0.0,0.0,0.0,0.0,0.0,0.0,0.0,0.0,0.0,0.0,0.0,0.0,0.0,0.0,0.0,0.0,0.0,0.0,0.0,0.0,0.0,0.0,0.0,0.0,0.0,0.0,0.0,0.0,0.0,0.0,0.0,0.0,0.0,0.0,0.0,0.0,0.0,0.0,0.0,0.0,0.0,0.0,0.0,0.0,0.0,0.0,0.0,0.0,0.0,0.0,0.0,0.0,0.0,0.0,0.0,0.0,0.0,0.0,0.0,0.0,0.0,0.0,0.0,0.0,0.0,0.0,0.0,0.0,0.0,0.0,0.0,0.0,0.0,0.0,0.0,0.0,0.0,0.0,0.0,0.0,0.0,0.0,0.0,0.0,0.0,0.0,0.0,0.0,0.0,0.0,0.0
22,16243.599996226,0.0054285995677982425,0.0054285995677982425,0.0054285995677982425,0.0054285995677982425,0.0,0.0,0.0,0.0,0.0,0.0,0.0,0.0,0.0,0.0,0.0,0.0,0.0,0.0,0.0,0.0,0.0,0.0,0.0,0.0,0.0,0.0,0.0,0.0,0.0,0.0,0.0,0.0,0.0,0.0,0.0,0.0,0.0,0.0,0.0,0.0,0.0,0.0,0.0,0.0,0.0,0.0,0.0,0.0,0.0,0.0,0.0,0.0,0.0,0.0,0.0,0.0,0.0,0.0,0.0,0.0,0.0,0.0,0.0,0.0,0.0,0.0,0.0,0.0,0.0,0.0,0.0,0.0,0.0,0.0,0.0,0.0,0.0,0.0,0.0,0.0,0.0,0.0,0.0,0.0,0.0,0.0,0.0,0.0,0.0,0.0,0.0,0.0,0.0,0.0,0.0,0.0,0.0,0.0,0.0,0.0
23,5506.37999061,0.0016798695360243888,0.0016798695360243888,0.0016798695360243888,0.0016798695360243888,0.0016798695360243888,0.0016798695360243888,0.0016798695360243888,0.0016798695360243888,0.0016798695360243888,0.0016798695360243888,0.0016798695360243888,0.0016798695360243888,0.0016798695360243888,0.0016798695360243888,0.0016798695360243888,0.0016798695360243888,0.0016798695360243888,0.0016798695360243888,0.0016798695360243888,0.0016798695360243888,0.0016798695360243888,0.0016798695360243888,0.0016798695360243888,0.0016798695360243888,0.0016798695360243888,0.0016798695360243888,0.0016798695360243888,0.0016798695360243888,0.0016798695360243888,0.0016798695360243888,0.0016798695360243888,0.0016798695360243888,0.0016798695360243888,0.0016798695360243888,0.0016798695360243888,0.0016798695360243888,0.0016798695360243888,0.0016798695360243888,0.0016798695360243888,0.0016798695360243888,0.0005448225522241262,0.0005448225522241262,0.0005448225522241262,0.0005448225522241262,0.0005448225522241262,0.0005448225522241262,0.0005448225522241262,0.0005448225522241262,0.0005448225522241262,0.0005448225522241262,0.0005448225522241262,0.0005448225522241262,0.0005448225522241262,0.0005448225522241262,0.0005448225522241262,0.0005448225522241262,0.0005448225522241262,0.0005448225522241262,0.0005448225522241262,0.0005448225522241262,0.0005448225522241262,0.0005448225522241262,0.0005448225522241262,0.0005448225522241262,0.0005448225522241262,0.0005448225522241262,0.0005448225522241262,0.0005448225522241262,0.0005448225522241262,0.0005448225522241262,0.0005448225522241262,0.0005448225522241262,0.0,0.0,0.0,0.0,0.0,0.0,0.0,0.0,0.0,0.0,0.0,0.0,0.0,0.0,0.0,0.0,0.0,0.0,0.0,0.0,0.0,0.0,0.0,0.0,0.0,0.0,0.0,0.0
24,0.0,0.0,0.0,0.0,0.0,0.0,0.0,0.0,0.0,0.0,0.0,0.0,0.0,0.0,0.0,0.0,0.0,0.0,0.0,0.0,0.0,0.0,0.0,0.0,0.0,0.0,0.0,0.0,0.0,0.0,0.0,0.0,0.0,0.0,0.0,0.0,0.0,0.0,0.0,0.0,0.0,0.0,0.0,0.0,0.0,0.0,0.0,0.0,0.0,0.0,0.0,0.0,0.0,0.0,0.0,0.0,0.0,0.0,0.0,0.0,0.0,0.0,0.0,0.0,0.0,0.0,0.0,0.0,0.0,0.0,0.0,0.0,0.0,0.0,0.0,0.0,0.0,0.0,0.0,0.0,0.0,0.0,0.0,0.0,0.0,0.0,0.0,0.0,0.0,0.0,0.0,0.0,0.0,0.0,0.0,0.0,0.0,0.0,0.0,0.0,0.0
25,13289.469973013,0.02766325511450406,0.02766325511450406,0.02766325511450406,0.02766325511450406,0.02766325511450406,0.02766325511450406,0.02766325511450406,0.02766325511450406,0.02766325511450406,0.02766325511450406,0.02766325511450406,0.02766325511450406,0.02766325511450406,0.02766325511450406,0.02766325511450406,0.02766325511450406,0.02766325511450406,0.02766325511450406,0.02766325511450406,0.02766325511450406,0.02766325511450406,0.02766325511450406,0.02766325511450406,0.02766325511450406,0.018739648805086048,0.018739648805086048,0.018739648805086048,0.018739648805086048,0.018739648805086048,0.018739648805086048,0.018739648805086048,0.018739648805086048,0.018739648805086048,0.018739648805086048,0.018739648805086048,0.018739648805086048,0.018739648805086048,0.018739648805086048,0.018739648805086048,0.018739648805086048,0.0,0.0,0.0,0.0,0.0,0.0,0.0,0.0,0.0,0.0,0.0,0.0,0.0,0.0,0.0,0.0,0.0,0.0,0.0,0.0,0.0,0.0,0.0,0.0,0.0,0.0,0.0,0.0,0.0,0.0,0.0,0.0,0.0,0.0,0.0,0.0,0.0,0.0,0.0,0.0,0.0,0.0,0.0,0.0,0.0,0.0,0.0,0.0,0.0,0.0,0.0,0.0,0.0,0.0,0.0,0.0,0.0,0.0,0.0,0.0
26,127178.010024729,0.012069618018716683,0.012069618018716683,0.012069618018716683,0.012069618018716683,0.0,0.0,0.0,0.0,0.0,0.0,0.0,0.0,0.0,0.0,0.0,0.0,0.0,0.0,0.0,0.0,0.0,0.0,0.0,0.0,0.0,0.0,0.0,0.0,0.0,0.0,0.0,0.0,0.0,0.0,0.0,0.0,0.0,0.0,0.0,0.0,0.0,0.0,0.0,0.0,0.0,0.0,0.0,0.0,0.0,0.0,0.0,0.0,0.0,0.0,0.0,0.0,0.0,0.0,0.0,0.0,0.0,0.0,0.0,0.0,0.0,0.0,0.0,0.0,0.0,0.0,0.0,0.0,0.0,0.0,0.0,0.0,0.0,0.0,0.0,0.0,0.0,0.0,0.0,0.0,0.0,0.0,0.0,0.0,0.0,0.0,0.0,0.0,0.0,0.0,0.0,0.0,0.0,0.0,0.0,0.0
27,323146.8098877408,0.008765149174225079,0.008765149174225079,0.008765149174225079,0.008765149174225079,0.008765149174225079,0.008765149174225079,0.008765149174225079,0.008765149174225079,0.008765149174225079,0.008765149174225079,0.008765149174225079,0.008765149174225079,0.008765149174225079,0.008765149174225079,0.008765149174225079,0.008765149174225079,0.008765149174225079,0.008765149174225079,0.008765149174225079,0.008765149174225079,0.008765149174225079,0.008765149174225079,0.008765149174225079,0.0025515647160695674,0.0025515647160695674,0.0025515647160695674,0.0025515647160695674,0.0025515647160695674,0.0025515647160695674,0.0025515647160695674,0.0025515647160695674,0.0025515647160695674,0.0025515647160695674,0.0025515647160695674,0.0025515647160695674,0.0025515647160695674,0.0025515647160695674,0.0025515647160695674,0.0025515647160695674,0.0025515647160695674,0.0025515647160695674,0.0025515647160695674,0.0025515647160695674,0.0009080702338108772,0.0009080702338108772,0.0009080702338108772,0.0009080702338108772,0.0009080702338108772,0.0009080702338108772,0.0009080702338108772,0.0009080702338108772,0.0009080702338108772,0.0009080702338108772,0.0009080702338108772,0.0009080702338108772,0.0009080702338108772,0.0009080702338108772,0.0009080702338108772,0.0009080702338108772,0.0009080702338108772,0.0009080702338108772,0.0009080702338108772,0.0009080702338108772,0.0009080702338108772,0.0009080702338108772,0.0009080702338108772,0.0009080702338108772,0.0009080702338108772,0.0009080702338108772,0.0009080702338108772,0.0009080702338108772,0.0009080702338108772,0.00030673364816577816,0.00030673364816577816,0.00030673364816577816,0.00030673364816577816,0.00030673364816577816,0.00030673364816577816,0.00030673364816577816,0.00030673364816577816,0.00030673364816577816,0.00030673364816577816,0.00030673364816577816,0.00030673364816577816,0.00030673364816577816,0.00030673364816577816,0.00030673364816577816,0.00030673364816577816,0.00030673364816577816,0.00030673364816577816,0.00030673364816577816,0.00030673364816577816,0.00030673364816577816,0.00030673364816577816,0.00030673364816577816,0.00030673364816577816,0.00030673364816577816,0.00030673364816577816,0.00030673364816577816,0.00030673364816577816
28,97480.30996236081,0.024241100590595328,0.024241100590595328,0.024241100590595328,0.024241100590595328,0.024241100590595328,0.024241100590595328,0.024241100590595328,0.024241100590595328,0.024241100590595328,0.024241100590595328,0.024241100590595328,0.024241100590595328,0.024241100590595328,0.024241100590595328,0.024241100590595328,0.024241100590595328,0.024241100590595328,0.024241100590595328,0.024241100590595328,0.024241100590595328,0.024241100590595328,0.024241100590595328,0.024241100590595328,0.024241100590595328,0.024241100590595328,0.008395952139524557,0.008395952139524557,0.008395952139524557,0.008395952139524557,0.008395952139524557,0.008395952139524557,0.008395952139524557,0.008395952139524557,0.008395952139524557,0.008395952139524557,0.008395952139524557,0.008395952139524557,0.008395952139524557,0.008395952139524557,0.008395952139524557,0.008395952139524557,0.008395952139524557,0.008395952139524557,0.008395952139524557,0.004286814539893774,0.004286814539893774,0.004286814539893774,0.004286814539893774,0.004286814539893774,0.004286814539893774,0.004286814539893774,0.004286814539893774,0.004286814539893774,0.004286814539893774,0.004286814539893774,0.004286814539893774,0.004286814539893774,0.004286814539893774,0.004286814539893774,0.004286814539893774,0.004286814539893774,0.004286814539893774,0.004286814539893774,0.004286814539893774,0.004286814539893774,0.004286814539893774,0.004286814539893774,0.004286814539893774,0.004286814539893774,0.004286814539893774,0.004286814539893774,0.004286814539893774,0.0034161771903329233,0.0034161771903329233,0.0034161771903329233,0.0034161771903329233,0.0034161771903329233,0.0034161771903329233,0.0034161771903329233,0.0034161771903329233,0.0034161771903329233,0.0034161771903329233,0.0034161771903329233,0.0034161771903329233,0.0,0.0,0.0,0.0,0.0,0.0,0.0,0.0,0.0,0.0,0.0,0.0,0.0,0.0,0.0,0.0
29,155325.749997718,0.008915392345495484,0.008915392345495484,0.008915392345495484,0.008915392345495484,0.008915392345495484,0.008915392345495484,0.008915392345495484,0.008915392345495484,0.008915392345495484,0.008915392345495484,0.008915392345495484,0.008915392345495484,0.008915392345495484,0.008915392345495484,0.008915392345495484,0.008915392345495484,0.008915392345495484,0.008915392345495484,0.008915392345495484,0.008915392345495484,0.008915392345495484,0.008915392345495484,0.008915392345495484,0.008915392345495484,0.004900475291953736,0.004900475291953736,0.004900475291953736,0.004900475291953736,0.004900475291953736,0.004900475291953736,0.004900475291953736,0.004900475291953736,0.004900475291953736,0.004900475291953736,0.004900475291953736,0.004900475291953736,0.004900475291953736,0.004900475291953736,0.004900475291953736,0.004900475291953736,0.004900475291953736,0.004900475291953736,0.0030418008526270856,0.0030418008526270856,0.0030418008526270856,0.0030418008526270856,0.0030418008526270856,0.0030418008526270856,0.0030418008526270856,0.0030418008526270856,0.0030418008526270856,0.0030418008526270856,0.0030418008526270856,0.0030418008526270856,0.0030418008526270856,0.0030418008526270856,0.0030418008526270856,0.0030418008526270856,0.0030418008526270856,0.0030418008526270856,0.0030418008526270856,0.0030418008526270856,0.0030418008526270856,0.0030418008526270856,0.0030418008526270856,0.0030418008526270856,0.0030418008526270856,0.0030418008526270856,0.0030418008526270856,0.0030418008526270856,0.0030418008526270856,0.0030418008526270856,0.0007038111839125598,0.0007038111839125598,0.0,0.0,0.0,0.0,0.0,0.0,0.0,0.0,0.0,0.0,0.0,0.0,0.0,0.0,0.0,0.0,0.0,0.0,0.0,0.0,0.0,0.0,0.0,0.0,0.0,0.0
30,3336.830011949,0.01698618148872796,0.01698618148872796,0.01698618148872796,0.01698618148872796,0.01698618148872796,0.01698618148872796,0.01698618148872796,0.01698618148872796,0.01698618148872796,0.01698618148872796,0.01698618148872796,0.01698618148872796,0.01698618148872796,0.01698618148872796,0.01698618148872796,0.01698618148872796,0.01698618148872796,0.01698618148872796,0.01698618148872796,0.01698618148872796,0.01698618148872796,0.01698618148872796,0.01698618148872796,0.01698618148872796,0.01698618148872796,0.01698618148872796,0.01698618148872796,0.01698618148872796,0.00029968562870120937,0.00029968562870120937,0.00029968562870120937,0.00029968562870120937,0.00029968562870120937,0.00029968562870120937,0.00029968562870120937,0.00029968562870120937,0.00029968562870120937,0.00029968562870120937,0.00029968562870120937,0.00029968562870120937,0.00029968562870120937,0.00029968562870120937,0.00029968562870120937,0.00029968562870120937,0.00029968562870120937,0.00029968562870120937,0.00029968562870120937,0.00029968562870120937,0.00029968562870120937,0.00029968562870120937,0.00029968562870120937,0.00029968562870120937,0.00029968562870120937,0.00029968562870120937,0.00029968562870120937,0.00029968562870120937,0.00029968562870120937,0.00029968562870120937,0.00029968562870120937,0.00029968562870120937,0.00029968562870120937,0.00029968562870120937,0.00029968562870120937,0.00029968562870120937,0.00029968562870120937,0.00029968562870120937,0.00029968562870120937,0.00029968562870120937,0.00029968562870120937,0.00029968562870120937,0.00029968562870120937,0.00029968562870120937,0.0,0.0,0.0,0.0,0.0,0.0,0.0,0.0,0.0,0.0,0.0,0.0,0.0,0.0,0.0,0.0,0.0,0.0,0.0,0.0,0.0,0.0,0.0,0.0,0.0,0.0,0.0,0.0
31,4556.110018015001,0.0002194854812649319,0.0002194854812649319,0.0002194854812649319,0.0002194854812649319,0.0002194854812649319,0.0002194854812649319,0.0002194854812649319,0.0002194854812649319,0.0002194854812649319,0.0002194854812649319,0.0002194854812649319,0.0002194854812649319,0.0002194854812649319,0.0002194854812649319,0.0002194854812649319,0.0002194854812649319,0.0002194854812649319,0.0002194854812649319,0.0002194854812649319,0.0002194854812649319,0.0002194854812649319,0.0002194854812649319,0.0002194854812649319,0.0002194854812649319,0.0002194854812649319,0.0002194854812649319,0.0002194854812649319,0.0002194854812649319,0.0,0.0,0.0,0.0,0.0,0.0,0.0,0.0,0.0,0.0,0.0,0.0,0.0,0.0,0.0,0.0,0.0,0.0,0.0,0.0,0.0,0.0,0.0,0.0,0.0,0.0,0.0,0.0,0.0,0.0,0.0,0.0,0.0,0.0,0.0,0.0,0.0,0.0,0.0,0.0,0.0,0.0,0.0,0.0,0.0,0.0,0.0,0.0,0.0,0.0,0.0,0.0,0.0,0.0,0.0,0.0,0.0,0.0,0.0,0.0,0.0,0.0,0.0,0.0,0.0,0.0,0.0,0.0,0.0,0.0,0.0,0.0
32,35096.569926346805,0.0060963222836024605,0.0060963222836024605,0.0060963222836024605,0.0060963222836024605,0.0060963222836024605,0.0060963222836024605,0.0060963222836024605,0.0060963222836024605,0.0060963222836024605,0.0060963222836024605,0.0060963222836024605,0.0060963222836024605,0.0060963222836024605,0.0060963222836024605,0.0060963222836024605,0.0060963222836024605,0.0060963222836024605,0.0060963222836024605,0.0060963222836024605,0.0060963222836024605,0.0060963222836024605,0.0060963222836024605,0.0060963222836024605,0.0060963222836024605,0.0060963222836024605,0.0060963222836024605,0.0060963222836024605,0.0060963222836024605,0.0011286003254199776,0.0011286003254199776,0.0011286003254199776,0.0011286003254199776,0.0011286003254199776,0.0011286003254199776,0.0011286003254199776,0.0011286003254199776,0.0011286003254199776,0.0011286003254199776,0.0011286003254199776,0.0011286003254199776,0.0011286003254199776,0.0011286003254199776,0.0011286003254199776,0.0011286003254199776,0.0011286003254199776,0.0011286003254199776,0.0011286003254199776,0.0011286003254199776,0.0011286003254199776,0.0011286003254199776,0.0011286003254199776,0.0011286003254199776,0.000673000246735468,0.000673000246735468,0.000673000246735468,0.000673000246735468,0.000673000246735468,0.000673000246735468,0.000673000246735468,0.000673000246735468,0.000673000246735468,0.000673000246735468,0.000673000246735468,0.000673000246735468,0.000673000246735468,0.000673000246735468,0.000673000246735468,0.000673000246735468,0.000673000246735468,0.000673000246735468,0.000673000246735468,0.000673000246735468,4.3878932420798614e-05,4.3878932420798614e-05,4.3878932420798614e-05,4.3878932420798614e-05,4.3878932420798614e-05,4.3878932420798614e-05,4.3878932420798614e-05,4.3878932420798614e-05,4.3878932420798614e-05,4.3878932420798614e-05,4.3878932420798614e-05,4.3878932420798614e-05,4.3878932420798614e-05,4.3878932420798614e-05,4.3878932420798614e-05,4.3878932420798614e-05,4.3878932420798614e-05,4.3878932420798614e-05,4.3878932420798614e-05,0.0,0.0,0.0,0.0,0.0,0.0,0.0,0.0,0.0
33,47152.259892906,0.005615213359642903,0.005615213359642903,0.005615213359642903,0.005615213359642903,0.005615213359642903,0.005615213359642903,0.005615213359642903,0.005615213359642903,0.005615213359642903,0.005615213359642903,0.005615213359642903,0.005615213359642903,0.005615213359642903,0.005615213359642903,0.005615213359642903,0.005615213359642903,0.005615213359642903,0.005615213359642903,0.005615213359642903,0.005615213359642903,0.005615213359642903,0.005615213359642903,0.005615213359642903,0.005615213359642903,0.001668000646811687,0.001668000646811687,0.001668000646811687,0.001668000646811687,0.001668000646811687,0.001668000646811687,0.001668000646811687,0.001668000646811687,0.001668000646811687,0.001668000646811687,0.001668000646811687,0.001668000646811687,0.001668000646811687,0.001668000646811687,0.001668000646811687,0.001668000646811687,0.001107688157866171,0.001107688157866171,0.001107688157866171,0.001107688157866171,0.001107688157866171,0.001107688157866171,0.001107688157866171,0.001107688157866171,0.001107688157866171,0.001107688157866171,0.001107688157866171,0.001107688157866171,0.001107688157866171,0.001107688157866171,0.001107688157866171,0.001107688157866171,0.001107688157866171,0.001107688157866171,0.001107688157866171,0.001107688157866171,0.001107688157866171,0.001107688157866171,0.001107688157866171,0.001107688157866171,0.001107688157866171,0.001107688157866171,0.001107688157866171,0.001107688157866171,0.001107688157866171,0.001107688157866171,0.001107688157866171,0.001107688157866171,0.00027124892908736756,0.00027124892908736756,0.00027124892908736756,0.00027124892908736756,0.0,0.0,0.0,0.0,0.0,0.0,0.0,0.0,0.0,0.0,0.0,0.0,0.0,0.0,0.0,0.0,0.0,0.0,0.0,0.0,0.0,0.0,0.0,0.0
34,37194.659993705,0.009846305896652436,0.009846305896652436,0.009846305896652436,0.009846305896652436,0.009846305896652436,0.009846305896652436,0.009846305896652436,0.009846305896652436,0.009846305896652436,0.009846305896652436,0.009846305896652436,0.009846305896652436,0.009846305896652436,0.009846305896652436,0.009846305896652436,0.009846305896652436,0.009846305896652436,0.009846305896652436,0.009846305896652436,0.009846305896652436,0.009846305896652436,0.009846305896652436,0.009846305896652436,0.009846305896652436,0.0031768001086714586,0.0031768001086714586,0.0031768001086714586,0.0031768001086714586,0.0031768001086714586,0.0031768001086714586,0.0031768001086714586,0.0031768001086714586,0.0031768001086714586,0.0031768001086714586,0.0031768001086714586,0.0031768001086714586,0.0031768001086714586,0.0031768001086714586,0.0031768001086714586,0.0031768001086714586,0.001434345683198319,0.001434345683198319,0.001434345683198319,0.001434345683198319,0.001434345683198319,0.001434345683198319,0.001434345683198319,0.001434345683198319,0.001434345683198319,0.001434345683198319,0.001434345683198319,0.001434345683198319,0.001434345683198319,0.001434345683198319,0.001434345683198319,0.001434345683198319,0.001434345683198319,0.001434345683198319,0.001434345683198319,0.001434345683198319,0.001434345683198319,0.001434345683198319,0.001434345683198319,0.001434345683198319,0.001434345683198319,0.001434345683198319,0.001434345683198319,0.001434345683198319,0.001434345683198319,0.001434345683198319,0.001434345683198319,0.001434345683198319,0.00048394043669296573,0.00048394043669296573,0.00048394043669296573,0.00048394043669296573,0.0,0.0,0.0,0.0,0.0,0.0,0.0,0.0,0.0,0.0,0.0,0.0,0.0,0.0,0.0,0.0,0.0,0.0,0.0,0.0,0.0,0.0,0.0,0.0
35,84667.46996990399,0.009514634134885009,0.009514634134885009,0.009514634134885009,0.009514634134885009,0.009514634134885009,0.009514634134885009,0.009514634134885009,0.009514634134885009,0.009514634134885009,0.009514634134885009,0.009514634134885009,0.009514634134885009,0.009514634134885009,0.009514634134885009,0.009514634134885009,0.009514634134885009,0.009514634134885009,0.009514634134885009,0.009514634134885009,0.009514634134885009,0.009514634134885009,0.009514634134885009,0.009514634134885009,0.009514634134885009,0.003582013253352253,0.003582013253352253,0.003582013253352253,0.003582013253352253,0.003582013253352253,0.003582013253352253,0.003582013253352253,0.003582013253352253,0.003582013253352253,0.003582013253352253,0.003582013253352253,0.003582013253352253,0.003582013253352253,0.003582013253352253,0.003582013253352253,0.003582013253352253,0.0022929703657025447,0.0022929703657025447,0.0022929703657025447,0.0022929703657025447,0.0022929703657025447,0.0022929703657025447,0.0022929703657025447,0.0022929703657025447,0.0022929703657025447,0.0022929703657025447,0.0022929703657025447,0.0022929703657025447,0.0022929703657025447,0.0022929703657025447,0.0022929703657025447,0.0022929703657025447,0.0022929703657025447,0.0022929703657025447,0.0022929703657025447,0.0022929703657025447,0.0022929703657025447,0.0022929703657025447,0.0022929703657025447,0.0022929703657025447,0.0022929703657025447,0.0022929703657025447,0.0022929703657025447,0.0022929703657025447,0.0022929703657025447,0.0022929703657025447,0.0022929703657025447,0.0022929703657025447,0.0010589663290029882,0.0010589663290029882,0.0010589663290029882,0.0010589663290029882,0.0,0.0,0.0,0.0,0.0,0.0,0.0,0.0,0.0,0.0,0.0,0.0,0.0,0.0,0.0,0.0,0.0,0.0,0.0,0.0,0.0,0.0,0.0,0.0
36,2301.3300176000002,0.0021726566645206215,0.0021726566645206215,0.0021726566645206215,0.0021726566645206215,0.0021726566645206215,0.0021726566645206215,0.0021726566645206215,0.0021726566645206215,0.0021726566645206215,0.0021726566645206215,0.0021726566645206215,0.0021726566645206215,0.0021726566645206215,0.0021726566645206215,0.0021726566645206215,0.0021726566645206215,0.0021726566645206215,0.0021726566645206215,0.0021726566645206215,0.0021726566645206215,0.0021726566645206215,0.0021726566645206215,0.0021726566645206215,0.0021726566645206215,0.00043453133290412434,0.00043453133290412434,0.00043453133290412434,0.00043453133290412434,0.00043453133290412434,0.00043453133290412434,0.00043453133290412434,0.00043453133290412434,0.00043453133290412434,0.00043453133290412434,0.00043453133290412434,0.00043453133290412434,0.00043453133290412434,0.00043453133290412434,0.00043453133290412434,0.00043453133290412434,0.0,0.0,0.0,0.0,0.0,0.0,0.0,0.0,0.0,0.0,0.0,0.0,0.0,0.0,0.0,0.0,0.0,0.0,0.0,0.0,0.0,0.0,0.0,0.0,0.0,0.0,0.0,0.0,0.0,0.0,0.0,0.0,0.0,0.0,0.0,0.0,0.0,0.0,0.0,0.0,0.0,0.0,0.0,0.0,0.0,0.0,0.0,0.0,0.0,0.0,0.0,0.0,0.0,0.0,0.0,0.0,0.0,0.0,0.0,0.0
37,26595.819997382,0.013252082477422916,0.013252082477422916,0.013252082477422916,0.013252082477422916,0.013252082477422916,0.013252082477422916,0.013252082477422916,0.013252082477422916,0.013252082477422916,0.013252082477422916,0.013252082477422916,0.013252082477422916,0.013252082477422916,0.013252082477422916,0.013252082477422916,0.013252082477422916,0.013252082477422916,0.013252082477422916,0.013252082477422916,0.013252082477422916,0.013252082477422916,0.013252082477422916,0.013252082477422916,0.013252082477422916,0.004212692103910645,0.004212692103910645,0.004212692103910645,0.004212692103910645,0.004212692103910645,0.004212692103910645,0.004212692103910645,0.004212692103910645,0.004212692103910645,0.004212692103910645,0.004212692103910645,0.004212692103910645,0.004212692103910645,0.004212692103910645,0.004212692103910645,0.004212692103910645,0.001528811666795851,0.001528811666795851,0.001528811666795851,0.001528811666795851,0.001528811666795851,0.001528811666795851,0.001528811666795851,0.001528811666795851,0.001528811666795851,0.001528811666795851,0.001528811666795851,0.001528811666795851,0.001528811666795851,0.001528811666795851,0.001528811666795851,0.001528811666795851,0.001528811666795851,0.001528811666795851,0.001528811666795851,0.001528811666795851,0.001528811666795851,0.001528811666795851,0.001528811666795851,0.001528811666795851,0.001528811666795851,0.001528811666795851,0.001528811666795851,0.001528811666795851,0.001528811666795851,0.001528811666795851,0.001528811666795851,0.001528811666795851,0.0007535018661568874,0.0007535018661568874,0.0007535018661568874,0.0007535018661568874,0.0,0.0,0.0,0.0,0.0,0.0,0.0,0.0,0.0,0.0,0.0,0.0,0.0,0.0,0.0,0.0,0.0,0.0,0.0,0.0,0.0,0.0,0.0,0.0
38,118246.739944808,0.00778025674026538,0.00778025674026538,0.00778025674026538,0.00778025674026538,0.00778025674026538,0.00778025674026538,0.00778025674026538,0.00778025674026538,0.00778025674026538,0.00778025674026538,0.00778025674026538,0.00778025674026538,0.00778025674026538,0.00778025674026538,0.00778025674026538,0.00778025674026538,0.00778025674026538,0.00778025674026538,0.00778025674026538,0.00778025674026538,0.00778025674026538,0.00778025674026538,0.00778025674026538,0.00778025674026538,0.0033186538257474426,0.0033186538257474426,0.0033186538257474426,0.0033186538257474426,0.0033186538257474426,0.0033186538257474426,0.0033186538257474426,0.0033186538257474426,0.0033186538257474426,0.0033186538257474426,0.0033186538257474426,0.0033186538257474426,0.0033186538257474426,0.0033186538257474426,0.0033186538257474426,0.0033186538257474426,0.001962083690495749,0.001962083690495749,0.001962083690495749,0.001962083690495749,0.001962083690495749,0.001962083690495749,0.001962083690495749,0.001962083690495749,0.001962083690495749,0.001962083690495749,0.001962083690495749,0.001962083690495749,0.001962083690495749,0.001962083690495749,0.001962083690495749,0.001962083690495749,0.001962083690495749,0.001962083690495749,0.001962083690495749,0.001962083690495749,0.001962083690495749,0.001962083690495749,0.001962083690495749,0.001962083690495749,0.001962083690495749,0.001962083690495749,0.001962083690495749,0.001962083690495749,0.001962083690495749,0.001962083690495749,0.001962083690495749,0.001962083690495749,0.00038106758648087777,0.00038106758648087777,0.00038106758648087777,0.00038106758648087777,0.0,0.0,0.0,0.0,0.0,0.0,0.0,0.0,0.0,0.0,0.0,0.0,0.0,0.0,0.0,0.0,0.0,0.0,0.0,0.0,0.0,0.0,0.0,0.0
39,0.0,0.0,0.0,0.0,0.0,0.0,0.0,0.0,0.0,0.0,0.0,0.0,0.0,0.0,0.0,0.0,0.0,0.0,0.0,0.0,0.0,0.0,0.0,0.0,0.0,0.0,0.0,0.0,0.0,0.0,0.0,0.0,0.0,0.0,0.0,0.0,0.0,0.0,0.0,0.0,0.0,0.0,0.0,0.0,0.0,0.0,0.0,0.0,0.0,0.0,0.0,0.0,0.0,0.0,0.0,0.0,0.0,0.0,0.0,0.0,0.0,0.0,0.0,0.0,0.0,0.0,0.0,0.0,0.0,0.0,0.0,0.0,0.0,0.0,0.0,0.0,0.0,0.0,0.0,0.0,0.0,0.0,0.0,0.0,0.0,0.0,0.0,0.0,0.0,0.0,0.0,0.0,0.0,0.0,0.0,0.0,0.0,0.0,0.0,0.0,0.0
40,8480.049992342,0.011211018830767978,0.011211018830767978,0.011211018830767978,0.011211018830767978,0.011211018830767978,0.011211018830767978,0.011211018830767978,0.011211018830767978,0.011211018830767978,0.011211018830767978,0.011211018830767978,0.011211018830767978,0.011211018830767978,0.011211018830767978,0.011211018830767978,0.011211018830767978,0.011211018830767978,0.011211018830767978,0.011211018830767978,0.011211018830767978,0.011211018830767978,0.011211018830767978,0.011211018830767978,0.011211018830767978,0.002430410216757222,0.002430410216757222,0.002430410216757222,0.002430410216757222,0.002430410216757222,0.002430410216757222,0.002430410216757222,0.002430410216757222,0.002430410216757222,0.002430410216757222,0.002430410216757222,0.002430410216757222,0.002430410216757222,0.002430410216757222,0.002430410216757222,0.002430410216757222,0.0010436259158839965,0.0010436259158839965,0.0010436259158839965,0.0010436259158839965,0.0010436259158839965,0.0010436259158839965,0.0010436259158839965,0.0010436259158839965,0.0010436259158839965,0.0010436259158839965,0.0010436259158839965,0.0010436259158839965,0.0010436259158839965,0.0010436259158839965,0.0010436259158839965,0.0010436259158839965,0.0010436259158839965,0.0010436259158839965,0.0010436259158839965,0.0010436259158839965,0.0010436259158839965,0.0010436259158839965,0.0010436259158839965,0.0010436259158839965,0.0010436259158839965,0.0010436259158839965,0.0010436259158839965,0.0010436259158839965,0.0010436259158839965,0.0010436259158839965,0.0010436259158839965,0.0010436259158839965,0.0004150918972386685,0.0004150918972386685,0.0004150918972386685,0.0004150918972386685,0.0,0.0,0.0,0.0,0.0,0.0,0.0,0.0,0.0,0.0,0.0,0.0,0.0,0.0,0.0,0.0,0.0,0.0,0.0,0.0,0.0,0.0,0.0,0.0
41,68798.289994033,0.005553190369457379,0.005553190369457379,0.005553190369457379,0.005553190369457379,0.005553190369457379,0.005553190369457379,0.005553190369457379,0.005553190369457379,0.005553190369457379,0.005553190369457379,0.005553190369457379,0.005553190369457379,0.005553190369457379,0.005553190369457379,0.005553190369457379,0.005553190369457379,0.005553190369457379,0.005553190369457379,0.005553190369457379,0.005553190369457379,0.005553190369457379,0.005553190369457379,0.005553190369457379,0.005553190369457379,0.005553190369457379,0.005553190369457379,0.005553190369457379,0.005553190369457379,0.005553190369457379,0.005553190369457379,0.005553190369457379,0.005553190369457379,0.005553190369457379,0.0019749037409474025,0.0019749037409474025,0.0019749037409474025,0.0019749037409474025,0.0019749037409474025,0.0019749037409474025,0.0019749037409474025,0.0019749037409474025,0.0019749037409474025,0.0019749037409474025,0.0019749037409474025,0.0019749037409474025,0.0019749037409474025,0.0019749037409474025,0.0019749037409474025,0.0019749037409474025,0.0019749037409474025,0.0011785176650034792,0.0011785176650034792,0.0011785176650034792,0.0011785176650034792,0.0011785176650034792,0.0011785176650034792,0.0011785176650034792,0.0011785176650034792,0.0011785176650034792,0.0011785176650034792,0.0011785176650034792,0.0011785176650034792,0.0011785176650034792,0.0011785176650034792,0.0011785176650034792,0.0011785176650034792,0.0011785176650034792,0.0011785176650034792,0.0011785176650034792,0.0011785176650034792,0.0011785176650034792,0.0011785176650034792,0.0011785176650034792,0.0011785176650034792,0.0011785176650034792,0.0011785176650034792,0.0011785176650034792,0.0011785176650034792,0.0007597572571139989,0.0007597572571139989,0.0,0.0,0.0,0.0,0.0,0.0,0.0,0.0,0.0,0.0,0.0,0.0,0.0,0.0,0.0,0.0,0.0,0.0,0.0,0.0
42,16866.659980601,0.00663498289695245,0.00663498289695245,0.00663498289695245,0.00663498289695245,0.00663498289695245,0.00663498289695245,0.00663498289695245,0.00663498289695245,0.00663498289695245,0.00663498289695245,0.00663498289695245,0.00663498289695245,0.00663498289695245,0.00663498289695245,0.00663498289695245,0.00663498289695245,0.00663498289695245,0.00663498289695245,0.00663498289695245,0.00663498289695245,0.00663498289695245,0.00663498289695245,0.00663498289695245,0.00663498289695245,0.00663498289695245,0.00663498289695245,0.00663498289695245,0.00663498289695245,0.002706522829801741,0.002706522829801741,0.002706522829801741,0.002706522829801741,0.002706522829801741,0.002706522829801741,0.002706522829801741,0.002706522829801741,0.002706522829801741,0.002706522829801741,0.002706522829801741,0.002706522829801741,0.002706522829801741,0.002706522829801741,0.002706522829801741,0.002706522829801741,0.002706522829801741,0.002706522829801741,0.002706522829801741,0.002706522829801741,0.002706522829801741,0.002706522829801741,0.002706522829801741,0.002706522829801741,0.0013760875031983049,0.0013760875031983049,0.0013760875031983049,0.0013760875031983049,0.0013760875031983049,0.0013760875031983049,0.0013760875031983049,0.0013760875031983049,0.0013760875031983049,0.0013760875031983049,0.0013760875031983049,0.0013760875031983049,0.0013760875031983049,0.0013760875031983049,0.0013760875031983049,0.0013760875031983049,0.0013760875031983049,0.0013760875031983049,0.0013760875031983049,0.0013760875031983049,0.00026917006836099324,0.00026917006836099324,0.00026917006836099324,0.00026917006836099324,0.00026917006836099324,0.00026917006836099324,0.00026917006836099324,0.00026917006836099324,0.00026917006836099324,0.00026917006836099324,0.00026917006836099324,0.00026917006836099324,0.00026917006836099324,0.00026917006836099324,0.00026917006836099324,0.00026917006836099324,0.00026917006836099324,0.00026917006836099324,0.00026917006836099324,0.0,0.0,0.0,0.0,0.0,0.0,0.0,0.0,0.0
43,46278.439999928,0.018647343946583822,0.018647343946583822,0.018647343946583822,0.018647343946583822,0.018647343946583822,0.018647343946583822,0.018647343946583822,0.018647343946583822,0.018647343946583822,0.018647343946583822,0.018647343946583822,0.018647343946583822,0.014363275646738182,0.014363275646738182,0.014363275646738182,0.014363275646738182,0.014363275646738182,0.014363275646738182,0.014363275646738182,0.014363275646738182,0.014363275646738182,0.014363275646738182,0.014363275646738182,0.014363275646738182,0.0008295439543783173,0.0008295439543783173,0.0008295439543783173,0.0008295439543783173,0.0008295439543783173,0.0008295439543783173,0.0008295439543783173,0.0008295439543783173,0.0008295439543783173,0.0008295439543783173,0.0008295439543783173,0.0008295439543783173,0.0008295439543783173,0.0008295439543783173,0.0008295439543783173,0.0008295439543783173,0.0008295439543783173,0.0008295439543783173,0.0008295439543783173,0.0008295439543783173,0.0008295439543783173,0.0008295439543783173,0.0008295439543783173,0.0008295439543783173,0.0008295439543783173,0.0008295439543783173,0.0008295439543783173,0.0008295439543783173,0.0008295439543783173,0.0008295439543783173,0.0008295439543783173,0.0008295439543783173,0.0008295439543783173,0.0008295439543783173,0.0008295439543783173,0.0008295439543783173,0.0008295439543783173,0.0008295439543783173,0.0008295439543783173,0.0008295439543783173,0.0008295439543783173,0.0008295439543783173,0.0008295439543783173,0.0008295439543783173,0.0008295439543783173,0.0008295439543783173,0.0008295439543783173,0.0008295439543783173,0.0,0.0,0.0,0.0,0.0,0.0,0.0,0.0,0.0,0.0,0.0,0.0,0.0,0.0,0.0,0.0,0.0,0.0,0.0,0.0,0.0,0.0,0.0,0.0,0.0,0.0,0.0,0.0
