n_sector,addetti_ul,1,2,3,4,5,6,7,8,9,10,11,12,13,14,15,16,17,18,19,20,21,22,23,24,25,26,27,28,29,30,31,32,33,34,35,36,37,38,39,40,41,42,43,44,45,46,47,48,49,50,51,52,53,54,55,56,57,58,59,60,61,62,63,64,65,66,67,68,69,70,71,72,73,74,75,76,77,78,79,80,81,82,83,84,85,86,87,88,89,90,91,92,93,94,95,96,97,98,99,100
3,0.0,0.0,0.0,0.0,0.0,0.0,0.0,0.0,0.0,0.0,0.0,0.0,0.0,0.0,0.0,0.0,0.0,0.0,0.0,0.0,0.0,0.0,0.0,0.0,0.0,0.0,0.0,0.0,0.0,0.0,0.0,0.0,0.0,0.0,0.0,0.0,0.0,0.0,0.0,0.0,0.0,0.0,0.0,0.0,0.0,0.0,0.0,0.0,0.0,0.0,0.0,0.0,0.0,0.0,0.0,0.0,0.0,0.0,0.0,0.0,0.0,0.0,0.0,0.0,0.0,0.0,0.0,0.0,0.0,0.0,0.0,0.0,0.0,0.0,0.0,0.0,0.0,0.0,0.0,0.0,0.0,0.0,0.0,0.0,0.0,0.0,0.0,0.0,0.0,0.0,0.0,0.0,0.0,0.0,0.0,0.0,0.0,0.0,0.0,0.0,0.0
4,70988.089829811,0.0006122153702711585,0.0006122153702711585,0.0006122153702711585,0.0006122153702711585,0.0006122153702711585,0.0006122153702711585,0.0006122153702711585,0.0006122153702711585,0.0006122153702711585,0.0006122153702711585,0.0006122153702711585,0.0006122153702711585,0.0006122153702711585,0.0006122153702711585,0.0006122153702711585,0.0006122153702711585,0.0006122153702711585,0.0006122153702711585,0.0006122153702711585,0.0006122153702711585,0.0006122153702711585,0.0006122153702711585,0.0006122153702711585,0.0006122153702711585,0.0002696226965098908,0.0002696226965098908,0.0002696226965098908,0.0002696226965098908,0.0002696226965098908,0.0002696226965098908,0.0002696226965098908,0.0002696226965098908,0.0002696226965098908,0.0002696226965098908,0.0002696226965098908,0.0002696226965098908,0.0002696226965098908,0.0002696226965098908,0.0002696226965098908,0.0002696226965098908,0.00010931411196728995,0.00010931411196728995,0.00010931411196728995,0.00010931411196728995,0.00010931411196728995,0.00010931411196728995,0.00010931411196728995,0.00010931411196728995,0.00010931411196728995,0.00010931411196728995,0.00010931411196728995,0.00010931411196728995,0.00010931411196728995,0.00010931411196728995,0.00010931411196728995,0.00010931411196728995,0.00010931411196728995,0.00010931411196728995,0.00010931411196728995,0.00010931411196728995,0.00010931411196728995,0.00010931411196728995,0.00010931411196728995,0.00010931411196728995,0.00010931411196728995,0.00010931411196728995,0.00010931411196728995,0.00010931411196728995,0.00010931411196728995,0.00010931411196728995,0.00010931411196728995,0.00010931411196728995,0.0,0.0,0.0,0.0,0.0,0.0,0.0,0.0,0.0,0.0,0.0,0.0,0.0,0.0,0.0,0.0,0.0,0.0,0.0,0.0,0.0,0.0,0.0,0.0,0.0,0.0,0.0,0.0
5,89471.9299538738,0.0005939292907551643,0.0005939292907551643,0.0005939292907551643,0.0005939292907551643,0.0,0.0,0.0,0.0,0.0,0.0,0.0,0.0,0.0,0.0,0.0,0.0,0.0,0.0,0.0,0.0,0.0,0.0,0.0,0.0,0.0,0.0,0.0,0.0,0.0,0.0,0.0,0.0,0.0,0.0,0.0,0.0,0.0,0.0,0.0,0.0,0.0,0.0,0.0,0.0,0.0,0.0,0.0,0.0,0.0,0.0,0.0,0.0,0.0,0.0,0.0,0.0,0.0,0.0,0.0,0.0,0.0,0.0,0.0,0.0,0.0,0.0,0.0,0.0,0.0,0.0,0.0,0.0,0.0,0.0,0.0,0.0,0.0,0.0,0.0,0.0,0.0,0.0,0.0,0.0,0.0,0.0,0.0,0.0,0.0,0.0,0.0,0.0,0.0,0.0,0.0,0.0,0.0,0.0,0.0,0.0
6,19540.320024065,0.0006315147400248613,0.0006315147400248613,0.0006315147400248613,0.0006315147400248613,0.0,0.0,0.0,0.0,0.0,0.0,0.0,0.0,0.0,0.0,0.0,0.0,0.0,0.0,0.0,0.0,0.0,0.0,0.0,0.0,0.0,0.0,0.0,0.0,0.0,0.0,0.0,0.0,0.0,0.0,0.0,0.0,0.0,0.0,0.0,0.0,0.0,0.0,0.0,0.0,0.0,0.0,0.0,0.0,0.0,0.0,0.0,0.0,0.0,0.0,0.0,0.0,0.0,0.0,0.0,0.0,0.0,0.0,0.0,0.0,0.0,0.0,0.0,0.0,0.0,0.0,0.0,0.0,0.0,0.0,0.0,0.0,0.0,0.0,0.0,0.0,0.0,0.0,0.0,0.0,0.0,0.0,0.0,0.0,0.0,0.0,0.0,0.0,0.0,0.0,0.0,0.0,0.0,0.0,0.0,0.0
7,17222.099992509,0.004767711314863746,0.004767711314863746,0.004767711314863746,0.004767711314863746,0.0,0.0,0.0,0.0,0.0,0.0,0.0,0.0,0.0,0.0,0.0,0.0,0.0,0.0,0.0,0.0,0.0,0.0,0.0,0.0,0.0,0.0,0.0,0.0,0.0,0.0,0.0,0.0,0.0,0.0,0.0,0.0,0.0,0.0,0.0,0.0,0.0,0.0,0.0,0.0,0.0,0.0,0.0,0.0,0.0,0.0,0.0,0.0,0.0,0.0,0.0,0.0,0.0,0.0,0.0,0.0,0.0,0.0,0.0,0.0,0.0,0.0,0.0,0.0,0.0,0.0,0.0,0.0,0.0,0.0,0.0,0.0,0.0,0.0,0.0,0.0,0.0,0.0,0.0,0.0,0.0,0.0,0.0,0.0,0.0,0.0,0.0,0.0,0.0,0.0,0.0,0.0,0.0,0.0,0.0,0.0
8,22315.659994225804,0.00047813957116934347,0.00047813957116934347,0.00047813957116934347,0.00047813957116934347,0.0,0.0,0.0,0.0,0.0,0.0,0.0,0.0,0.0,0.0,0.0,0.0,0.0,0.0,0.0,0.0,0.0,0.0,0.0,0.0,0.0,0.0,0.0,0.0,0.0,0.0,0.0,0.0,0.0,0.0,0.0,0.0,0.0,0.0,0.0,0.0,0.0,0.0,0.0,0.0,0.0,0.0,0.0,0.0,0.0,0.0,0.0,0.0,0.0,0.0,0.0,0.0,0.0,0.0,0.0,0.0,0.0,0.0,0.0,0.0,0.0,0.0,0.0,0.0,0.0,0.0,0.0,0.0,0.0,0.0,0.0,0.0,0.0,0.0,0.0,0.0,0.0,0.0,0.0,0.0,0.0,0.0,0.0,0.0,0.0,0.0,0.0,0.0,0.0,0.0,0.0,0.0,0.0,0.0,0.0,0.0
9,0.0,0.0,0.0,0.0,0.0,0.0,0.0,0.0,0.0,0.0,0.0,0.0,0.0,0.0,0.0,0.0,0.0,0.0,0.0,0.0,0.0,0.0,0.0,0.0,0.0,0.0,0.0,0.0,0.0,0.0,0.0,0.0,0.0,0.0,0.0,0.0,0.0,0.0,0.0,0.0,0.0,0.0,0.0,0.0,0.0,0.0,0.0,0.0,0.0,0.0,0.0,0.0,0.0,0.0,0.0,0.0,0.0,0.0,0.0,0.0,0.0,0.0,0.0,0.0,0.0,0.0,0.0,0.0,0.0,0.0,0.0,0.0,0.0,0.0,0.0,0.0,0.0,0.0,0.0,0.0,0.0,0.0,0.0,0.0,0.0,0.0,0.0,0.0,0.0,0.0,0.0,0.0,0.0,0.0,0.0,0.0,0.0,0.0,0.0,0.0,0.0
10,45554.6599376,0.0028060795575051895,0.0028060795575051895,0.0028060795575051895,0.0028060795575051895,0.0028060795575051895,0.0028060795575051895,0.0028060795575051895,0.0028060795575051895,0.0028060795575051895,0.0028060795575051895,0.0028060795575051895,0.0028060795575051895,0.0028060795575051895,0.0028060795575051895,0.0028060795575051895,0.0028060795575051895,0.0028060795575051895,0.0028060795575051895,0.0028060795575051895,0.0028060795575051895,0.0028060795575051895,0.0028060795575051895,0.0028060795575051895,0.0028060795575051895,0.0,0.0,0.0,0.0,0.0,0.0,0.0,0.0,0.0,0.0,0.0,0.0,0.0,0.0,0.0,0.0,0.0,0.0,0.0,0.0,0.0,0.0,0.0,0.0,0.0,0.0,0.0,0.0,0.0,0.0,0.0,0.0,0.0,0.0,0.0,0.0,0.0,0.0,0.0,0.0,0.0,0.0,0.0,0.0,0.0,0.0,0.0,0.0,0.0,0.0,0.0,0.0,0.0,0.0,0.0,0.0,0.0,0.0,0.0,0.0,0.0,0.0,0.0,0.0,0.0,0.0,0.0,0.0,0.0,0.0,0.0,0.0,0.0,0.0,0.0,0.0
11,0.0,0.0,0.0,0.0,0.0,0.0,0.0,0.0,0.0,0.0,0.0,0.0,0.0,0.0,0.0,0.0,0.0,0.0,0.0,0.0,0.0,0.0,0.0,0.0,0.0,0.0,0.0,0.0,0.0,0.0,0.0,0.0,0.0,0.0,0.0,0.0,0.0,0.0,0.0,0.0,0.0,0.0,0.0,0.0,0.0,0.0,0.0,0.0,0.0,0.0,0.0,0.0,0.0,0.0,0.0,0.0,0.0,0.0,0.0,0.0,0.0,0.0,0.0,0.0,0.0,0.0,0.0,0.0,0.0,0.0,0.0,0.0,0.0,0.0,0.0,0.0,0.0,0.0,0.0,0.0,0.0,0.0,0.0,0.0,0.0,0.0,0.0,0.0,0.0,0.0,0.0,0.0,0.0,0.0,0.0,0.0,0.0,0.0,0.0,0.0,0.0
12,59363.549933522,0.0006074434571446894,0.0006074434571446894,0.0006074434571446894,0.0006074434571446894,0.0,0.0,0.0,0.0,0.0,0.0,0.0,0.0,0.0,0.0,0.0,0.0,0.0,0.0,0.0,0.0,0.0,0.0,0.0,0.0,0.0,0.0,0.0,0.0,0.0,0.0,0.0,0.0,0.0,0.0,0.0,0.0,0.0,0.0,0.0,0.0,0.0,0.0,0.0,0.0,0.0,0.0,0.0,0.0,0.0,0.0,0.0,0.0,0.0,0.0,0.0,0.0,0.0,0.0,0.0,0.0,0.0,0.0,0.0,0.0,0.0,0.0,0.0,0.0,0.0,0.0,0.0,0.0,0.0,0.0,0.0,0.0,0.0,0.0,0.0,0.0,0.0,0.0,0.0,0.0,0.0,0.0,0.0,0.0,0.0,0.0,0.0,0.0,0.0,0.0,0.0,0.0,0.0,0.0,0.0,0.0
13,20691.619965339,0.0,0.0,0.0,0.0,0.0,0.0,0.0,0.0,0.0,0.0,0.0,0.0,0.0,0.0,0.0,0.0,0.0,0.0,0.0,0.0,0.0,0.0,0.0,0.0,0.0,0.0,0.0,0.0,0.0,0.0,0.0,0.0,0.0,0.0,0.0,0.0,0.0,0.0,0.0,0.0,0.0,0.0,0.0,0.0,0.0,0.0,0.0,0.0,0.0,0.0,0.0,0.0,0.0,0.0,0.0,0.0,0.0,0.0,0.0,0.0,0.0,0.0,0.0,0.0,0.0,0.0,0.0,0.0,0.0,0.0,0.0,0.0,0.0,0.0,0.0,0.0,0.0,0.0,0.0,0.0,0.0,0.0,0.0,0.0,0.0,0.0,0.0,0.0,0.0,0.0,0.0,0.0,0.0,0.0,0.0,0.0,0.0,0.0,0.0,0.0
14,41867.339961847996,0.000979761313648774,0.000979761313648774,0.000979761313648774,0.000979761313648774,0.000979761313648774,0.000979761313648774,0.000979761313648774,0.000979761313648774,0.000979761313648774,0.000979761313648774,0.000979761313648774,0.000979761313648774,0.000979761313648774,0.000979761313648774,0.000979761313648774,0.000979761313648774,0.000979761313648774,0.000979761313648774,0.000979761313648774,0.000979761313648774,0.000979761313648774,0.000979761313648774,0.000979761313648774,0.000979761313648774,0.0,0.0,0.0,0.0,0.0,0.0,0.0,0.0,0.0,0.0,0.0,0.0,0.0,0.0,0.0,0.0,0.0,0.0,0.0,0.0,0.0,0.0,0.0,0.0,0.0,0.0,0.0,0.0,0.0,0.0,0.0,0.0,0.0,0.0,0.0,0.0,0.0,0.0,0.0,0.0,0.0,0.0,0.0,0.0,0.0,0.0,0.0,0.0,0.0,0.0,0.0,0.0,0.0,0.0,0.0,0.0,0.0,0.0,0.0,0.0,0.0,0.0,0.0,0.0,0.0,0.0,0.0,0.0,0.0,0.0,0.0,0.0,0.0,0.0,0.0,0.0
15,160066.959933155,0.0014752576021848205,0.0014752576021848205,0.0014752576021848205,0.0014752576021848205,0.0,0.0,0.0,0.0,0.0,0.0,0.0,0.0,0.0,0.0,0.0,0.0,0.0,0.0,0.0,0.0,0.0,0.0,0.0,0.0,0.0,0.0,0.0,0.0,0.0,0.0,0.0,0.0,0.0,0.0,0.0,0.0,0.0,0.0,0.0,0.0,0.0,0.0,0.0,0.0,0.0,0.0,0.0,0.0,0.0,0.0,0.0,0.0,0.0,0.0,0.0,0.0,0.0,0.0,0.0,0.0,0.0,0.0,0.0,0.0,0.0,0.0,0.0,0.0,0.0,0.0,0.0,0.0,0.0,0.0,0.0,0.0,0.0,0.0,0.0,0.0,0.0,0.0,0.0,0.0,0.0,0.0,0.0,0.0,0.0,0.0,0.0,0.0,0.0,0.0,0.0,0.0,0.0,0.0,0.0,0.0
16,29114.810272373,0.0011753467936032303,0.0011753467936032303,0.0011753467936032303,0.0011753467936032303,0.0011753467936032303,0.0011753467936032303,0.0011753467936032303,0.0011753467936032303,0.0011753467936032303,0.0011753467936032303,0.0011753467936032303,0.0011753467936032303,0.0011753467936032303,0.0011753467936032303,0.0011753467936032303,0.0011753467936032303,0.0011753467936032303,0.0011753467936032303,0.0011753467936032303,0.0011753467936032303,0.0011753467936032303,0.0011753467936032303,0.0011753467936032303,0.0011753467936032303,0.0011753467936032303,0.0011753467936032303,0.0011753467936032303,0.0011753467936032303,0.0,0.0,0.0,0.0,0.0,0.0,0.0,0.0,0.0,0.0,0.0,0.0,0.0,0.0,0.0,0.0,0.0,0.0,0.0,0.0,0.0,0.0,0.0,0.0,0.0,0.0,0.0,0.0,0.0,0.0,0.0,0.0,0.0,0.0,0.0,0.0,0.0,0.0,0.0,0.0,0.0,0.0,0.0,0.0,0.0,0.0,0.0,0.0,0.0,0.0,0.0,0.0,0.0,0.0,0.0,0.0,0.0,0.0,0.0,0.0,0.0,0.0,0.0,0.0,0.0,0.0,0.0,0.0,0.0,0.0,0.0,0.0
17,45673.170045465,0.00012173448644938247,0.00012173448644938247,0.00012173448644938247,0.00012173448644938247,0.00012173448644938247,0.00012173448644938247,0.00012173448644938247,0.00012173448644938247,0.00012173448644938247,0.00012173448644938247,0.00012173448644938247,0.00012173448644938247,0.00012173448644938247,0.00012173448644938247,0.00012173448644938247,0.00012173448644938247,0.00012173448644938247,0.00012173448644938247,0.00012173448644938247,0.00012173448644938247,0.00012173448644938247,0.00012173448644938247,0.00012173448644938247,0.00012173448644938247,0.00012173448644938247,0.00012173448644938247,0.00012173448644938247,0.00012173448644938247,0.0,0.0,0.0,0.0,0.0,0.0,0.0,0.0,0.0,0.0,0.0,0.0,0.0,0.0,0.0,0.0,0.0,0.0,0.0,0.0,0.0,0.0,0.0,0.0,0.0,0.0,0.0,0.0,0.0,0.0,0.0,0.0,0.0,0.0,0.0,0.0,0.0,0.0,0.0,0.0,0.0,0.0,0.0,0.0,0.0,0.0,0.0,0.0,0.0,0.0,0.0,0.0,0.0,0.0,0.0,0.0,0.0,0.0,0.0,0.0,0.0,0.0,0.0,0.0,0.0,0.0,0.0,0.0,0.0,0.0,0.0,0.0
18,132261.8898559558,0.0042037053251357545,0.0042037053251357545,0.0042037053251357545,0.0042037053251357545,0.0,0.0,0.0,0.0,0.0,0.0,0.0,0.0,0.0,0.0,0.0,0.0,0.0,0.0,0.0,0.0,0.0,0.0,0.0,0.0,0.0,0.0,0.0,0.0,0.0,0.0,0.0,0.0,0.0,0.0,0.0,0.0,0.0,0.0,0.0,0.0,0.0,0.0,0.0,0.0,0.0,0.0,0.0,0.0,0.0,0.0,0.0,0.0,0.0,0.0,0.0,0.0,0.0,0.0,0.0,0.0,0.0,0.0,0.0,0.0,0.0,0.0,0.0,0.0,0.0,0.0,0.0,0.0,0.0,0.0,0.0,0.0,0.0,0.0,0.0,0.0,0.0,0.0,0.0,0.0,0.0,0.0,0.0,0.0,0.0,0.0,0.0,0.0,0.0,0.0,0.0,0.0,0.0,0.0,0.0,0.0
19,0.0,0.0,0.0,0.0,0.0,0.0,0.0,0.0,0.0,0.0,0.0,0.0,0.0,0.0,0.0,0.0,0.0,0.0,0.0,0.0,0.0,0.0,0.0,0.0,0.0,0.0,0.0,0.0,0.0,0.0,0.0,0.0,0.0,0.0,0.0,0.0,0.0,0.0,0.0,0.0,0.0,0.0,0.0,0.0,0.0,0.0,0.0,0.0,0.0,0.0,0.0,0.0,0.0,0.0,0.0,0.0,0.0,0.0,0.0,0.0,0.0,0.0,0.0,0.0,0.0,0.0,0.0,0.0,0.0,0.0,0.0,0.0,0.0,0.0,0.0,0.0,0.0,0.0,0.0,0.0,0.0,0.0,0.0,0.0,0.0,0.0,0.0,0.0,0.0,0.0,0.0,0.0,0.0,0.0,0.0,0.0,0.0,0.0,0.0,0.0,0.0
20,0.0,0.0,0.0,0.0,0.0,0.0,0.0,0.0,0.0,0.0,0.0,0.0,0.0,0.0,0.0,0.0,0.0,0.0,0.0,0.0,0.0,0.0,0.0,0.0,0.0,0.0,0.0,0.0,0.0,0.0,0.0,0.0,0.0,0.0,0.0,0.0,0.0,0.0,0.0,0.0,0.0,0.0,0.0,0.0,0.0,0.0,0.0,0.0,0.0,0.0,0.0,0.0,0.0,0.0,0.0,0.0,0.0,0.0,0.0,0.0,0.0,0.0,0.0,0.0,0.0,0.0,0.0,0.0,0.0,0.0,0.0,0.0,0.0,0.0,0.0,0.0,0.0,0.0,0.0,0.0,0.0,0.0,0.0,0.0,0.0,0.0,0.0,0.0,0.0,0.0,0.0,0.0,0.0,0.0,0.0,0.0,0.0,0.0,0.0,0.0,0.0
21,51731.2499925228,0.003893584584349172,0.003893584584349172,0.003893584584349172,0.003893584584349172,0.0,0.0,0.0,0.0,0.0,0.0,0.0,0.0,0.0,0.0,0.0,0.0,0.0,0.0,0.0,0.0,0.0,0.0,0.0,0.0,0.0,0.0,0.0,0.0,0.0,0.0,0.0,0.0,0.0,0.0,0.0,0.0,0.0,0.0,0.0,0.0,0.0,0.0,0.0,0.0,0.0,0.0,0.0,0.0,0.0,0.0,0.0,0.0,0.0,0.0,0.0,0.0,0.0,0.0,0.0,0.0,0.0,0.0,0.0,0.0,0.0,0.0,0.0,0.0,0.0,0.0,0.0,0.0,0.0,0.0,0.0,0.0,0.0,0.0,0.0,0.0,0.0,0.0,0.0,0.0,0.0,0.0,0.0,0.0,0.0,0.0,0.0,0.0,0.0,0.0,0.0,0.0,0.0,0.0,0.0,0.0
22,32402.819995477003,0.0012751976527279945,0.0012751976527279945,0.0012751976527279945,0.0012751976527279945,0.0,0.0,0.0,0.0,0.0,0.0,0.0,0.0,0.0,0.0,0.0,0.0,0.0,0.0,0.0,0.0,0.0,0.0,0.0,0.0,0.0,0.0,0.0,0.0,0.0,0.0,0.0,0.0,0.0,0.0,0.0,0.0,0.0,0.0,0.0,0.0,0.0,0.0,0.0,0.0,0.0,0.0,0.0,0.0,0.0,0.0,0.0,0.0,0.0,0.0,0.0,0.0,0.0,0.0,0.0,0.0,0.0,0.0,0.0,0.0,0.0,0.0,0.0,0.0,0.0,0.0,0.0,0.0,0.0,0.0,0.0,0.0,0.0,0.0,0.0,0.0,0.0,0.0,0.0,0.0,0.0,0.0,0.0,0.0,0.0,0.0,0.0,0.0,0.0,0.0,0.0,0.0,0.0,0.0,0.0,0.0
23,16088.140017063999,0.0,0.0,0.0,0.0,0.0,0.0,0.0,0.0,0.0,0.0,0.0,0.0,0.0,0.0,0.0,0.0,0.0,0.0,0.0,0.0,0.0,0.0,0.0,0.0,0.0,0.0,0.0,0.0,0.0,0.0,0.0,0.0,0.0,0.0,0.0,0.0,0.0,0.0,0.0,0.0,0.0,0.0,0.0,0.0,0.0,0.0,0.0,0.0,0.0,0.0,0.0,0.0,0.0,0.0,0.0,0.0,0.0,0.0,0.0,0.0,0.0,0.0,0.0,0.0,0.0,0.0,0.0,0.0,0.0,0.0,0.0,0.0,0.0,0.0,0.0,0.0,0.0,0.0,0.0,0.0,0.0,0.0,0.0,0.0,0.0,0.0,0.0,0.0,0.0,0.0,0.0,0.0,0.0,0.0,0.0,0.0,0.0,0.0,0.0,0.0
24,0.0,0.0,0.0,0.0,0.0,0.0,0.0,0.0,0.0,0.0,0.0,0.0,0.0,0.0,0.0,0.0,0.0,0.0,0.0,0.0,0.0,0.0,0.0,0.0,0.0,0.0,0.0,0.0,0.0,0.0,0.0,0.0,0.0,0.0,0.0,0.0,0.0,0.0,0.0,0.0,0.0,0.0,0.0,0.0,0.0,0.0,0.0,0.0,0.0,0.0,0.0,0.0,0.0,0.0,0.0,0.0,0.0,0.0,0.0,0.0,0.0,0.0,0.0,0.0,0.0,0.0,0.0,0.0,0.0,0.0,0.0,0.0,0.0,0.0,0.0,0.0,0.0,0.0,0.0,0.0,0.0,0.0,0.0,0.0,0.0,0.0,0.0,0.0,0.0,0.0,0.0,0.0,0.0,0.0,0.0,0.0,0.0,0.0,0.0,0.0,0.0
25,25622.5700265198,0.0033431462703132605,0.0033431462703132605,0.0033431462703132605,0.0033431462703132605,0.0033431462703132605,0.0033431462703132605,0.0033431462703132605,0.0033431462703132605,0.0033431462703132605,0.0033431462703132605,0.0033431462703132605,0.0033431462703132605,0.0033431462703132605,0.0033431462703132605,0.0033431462703132605,0.0033431462703132605,0.0033431462703132605,0.0033431462703132605,0.0033431462703132605,0.0033431462703132605,0.0033431462703132605,0.0033431462703132605,0.0033431462703132605,0.0033431462703132605,0.0033431462703132605,0.0033431462703132605,0.0033431462703132605,0.0033431462703132605,0.0033431462703132605,0.0033431462703132605,0.0033431462703132605,0.0033431462703132605,0.0033431462703132605,0.0033431462703132605,0.0033431462703132605,0.0033431462703132605,0.0033431462703132605,0.0033431462703132605,0.0033431462703132605,0.0033431462703132605,0.002633615575258729,0.002633615575258729,0.002633615575258729,0.002633615575258729,0.002633615575258729,0.002633615575258729,0.002633615575258729,0.002633615575258729,0.002633615575258729,0.002633615575258729,0.002633615575258729,0.002633615575258729,0.002633615575258729,0.002633615575258729,0.002633615575258729,0.002633615575258729,0.002633615575258729,0.002633615575258729,0.002633615575258729,0.002633615575258729,0.002633615575258729,0.002633615575258729,0.002633615575258729,0.002633615575258729,0.002633615575258729,0.002633615575258729,0.002633615575258729,0.002633615575258729,0.002633615575258729,0.002633615575258729,0.002633615575258729,0.002633615575258729,0.00032276233381118327,0.00032276233381118327,0.00032276233381118327,0.00032276233381118327,0.0,0.0,0.0,0.0,0.0,0.0,0.0,0.0,0.0,0.0,0.0,0.0,0.0,0.0,0.0,0.0,0.0,0.0,0.0,0.0,0.0,0.0,0.0,0.0
26,253822.2499100888,0.001086744764053232,0.001086744764053232,0.001086744764053232,0.001086744764053232,0.0,0.0,0.0,0.0,0.0,0.0,0.0,0.0,0.0,0.0,0.0,0.0,0.0,0.0,0.0,0.0,0.0,0.0,0.0,0.0,0.0,0.0,0.0,0.0,0.0,0.0,0.0,0.0,0.0,0.0,0.0,0.0,0.0,0.0,0.0,0.0,0.0,0.0,0.0,0.0,0.0,0.0,0.0,0.0,0.0,0.0,0.0,0.0,0.0,0.0,0.0,0.0,0.0,0.0,0.0,0.0,0.0,0.0,0.0,0.0,0.0,0.0,0.0,0.0,0.0,0.0,0.0,0.0,0.0,0.0,0.0,0.0,0.0,0.0,0.0,0.0,0.0,0.0,0.0,0.0,0.0,0.0,0.0,0.0,0.0,0.0,0.0,0.0,0.0,0.0,0.0,0.0,0.0,0.0,0.0,0.0
27,667331.49980114,0.0005944871500119801,0.0005944871500119801,0.0005944871500119801,0.0005944871500119801,0.0005944871500119801,0.0005944871500119801,0.0005944871500119801,0.0005944871500119801,0.0005944871500119801,0.0005944871500119801,0.0005944871500119801,0.0005944871500119801,0.0005944871500119801,0.0005944871500119801,0.0005944871500119801,0.0005944871500119801,0.0005944871500119801,0.0005944871500119801,0.0005944871500119801,0.0005944871500119801,0.0005944871500119801,0.0005944871500119801,0.0005944871500119801,0.00032466622883014384,0.00032466622883014384,0.00032466622883014384,0.00032466622883014384,0.00032466622883014384,0.00032466622883014384,0.00032466622883014384,0.00032466622883014384,0.00032466622883014384,0.00032466622883014384,0.00032466622883014384,0.00032466622883014384,0.00032466622883014384,0.00032466622883014384,0.00032466622883014384,0.00032466622883014384,0.00032466622883014384,0.00032466622883014384,0.00032466622883014384,0.00032466622883014384,0.0002490666209665352,0.0002490666209665352,0.0002490666209665352,0.0002490666209665352,0.0002490666209665352,0.0002490666209665352,0.0002490666209665352,0.0002490666209665352,0.0002490666209665352,0.0002490666209665352,0.0002490666209665352,0.0002490666209665352,0.0002490666209665352,0.0002490666209665352,0.0002490666209665352,0.0002490666209665352,0.0002490666209665352,0.0002490666209665352,0.0002490666209665352,0.0002490666209665352,0.0002490666209665352,0.0002490666209665352,0.0002490666209665352,0.0002490666209665352,0.0002490666209665352,0.0002490666209665352,0.0002490666209665352,0.0002490666209665352,0.0002490666209665352,2.1128929181676112e-05,2.1128929181676112e-05,2.1128929181676112e-05,2.1128929181676112e-05,2.1128929181676112e-05,2.1128929181676112e-05,2.1128929181676112e-05,2.1128929181676112e-05,2.1128929181676112e-05,2.1128929181676112e-05,2.1128929181676112e-05,2.1128929181676112e-05,2.1128929181676112e-05,2.1128929181676112e-05,2.1128929181676112e-05,2.1128929181676112e-05,2.1128929181676112e-05,2.1128929181676112e-05,2.1128929181676112e-05,2.1128929181676112e-05,2.1128929181676112e-05,2.1128929181676112e-05,2.1128929181676112e-05,2.1128929181676112e-05,2.1128929181676112e-05,2.1128929181676112e-05,2.1128929181676112e-05,2.1128929181676112e-05
28,224607.569843166,0.0013379780717535053,0.0013379780717535053,0.0013379780717535053,0.0013379780717535053,0.0013379780717535053,0.0013379780717535053,0.0013379780717535053,0.0013379780717535053,0.0013379780717535053,0.0013379780717535053,0.0013379780717535053,0.0013379780717535053,0.0013379780717535053,0.0013379780717535053,0.0013379780717535053,0.0013379780717535053,0.0013379780717535053,0.0013379780717535053,0.0013379780717535053,0.0013379780717535053,0.0013379780717535053,0.0013379780717535053,0.0013379780717535053,0.0013379780717535053,0.0013379780717535053,0.0008060280663132263,0.0008060280663132263,0.0008060280663132263,0.0008060280663132263,0.0008060280663132263,0.0008060280663132263,0.0008060280663132263,0.0008060280663132263,0.0008060280663132263,0.0008060280663132263,0.0008060280663132263,0.0008060280663132263,0.0008060280663132263,0.0008060280663132263,0.0008060280663132263,0.0008060280663132263,0.0008060280663132263,0.0008060280663132263,0.0008060280663132263,0.000797123646923459,0.000797123646923459,0.000797123646923459,0.000797123646923459,0.000797123646923459,0.000797123646923459,0.000797123646923459,0.000797123646923459,0.000797123646923459,0.000797123646923459,0.000797123646923459,0.000797123646923459,0.000797123646923459,0.000797123646923459,0.000797123646923459,0.000797123646923459,0.000797123646923459,0.000797123646923459,0.000797123646923459,0.000797123646923459,0.000797123646923459,0.000797123646923459,0.000797123646923459,0.000797123646923459,0.000797123646923459,0.000797123646923459,0.000797123646923459,0.000797123646923459,7.528686594048262e-05,7.528686594048262e-05,7.528686594048262e-05,7.528686594048262e-05,7.528686594048262e-05,7.528686594048262e-05,7.528686594048262e-05,7.528686594048262e-05,7.528686594048262e-05,7.528686594048262e-05,7.528686594048262e-05,7.528686594048262e-05,0.0,0.0,0.0,0.0,0.0,0.0,0.0,0.0,0.0,0.0,0.0,0.0,0.0,0.0,0.0,0.0
29,256946.00005851118,0.0005552139316646836,0.0005552139316646836,0.0005552139316646836,0.0005552139316646836,0.0005552139316646836,0.0005552139316646836,0.0005552139316646836,0.0005552139316646836,0.0005552139316646836,0.0005552139316646836,0.0005552139316646836,0.0005552139316646836,0.0005552139316646836,0.0005552139316646836,0.0005552139316646836,0.0005552139316646836,0.0005552139316646836,0.0005552139316646836,0.0005552139316646836,0.0005552139316646836,0.0005552139316646836,0.0005552139316646836,0.0005552139316646836,0.0005552139316646836,0.00027114646651099807,0.00027114646651099807,0.00027114646651099807,0.00027114646651099807,0.00027114646651099807,0.00027114646651099807,0.00027114646651099807,0.00027114646651099807,0.00027114646651099807,0.00027114646651099807,0.00027114646651099807,0.00027114646651099807,0.00027114646651099807,0.00027114646651099807,0.00027114646651099807,0.00027114646651099807,0.00027114646651099807,0.00027114646651099807,0.00013088353075098216,0.00013088353075098216,0.00013088353075098216,0.00013088353075098216,0.00013088353075098216,0.00013088353075098216,0.00013088353075098216,0.00013088353075098216,0.00013088353075098216,0.00013088353075098216,0.00013088353075098216,0.00013088353075098216,0.00013088353075098216,0.00013088353075098216,0.00013088353075098216,0.00013088353075098216,0.00013088353075098216,0.00013088353075098216,0.00013088353075098216,0.00013088353075098216,0.00013088353075098216,0.00013088353075098216,0.00013088353075098216,0.00013088353075098216,0.00013088353075098216,0.00013088353075098216,0.00013088353075098216,0.00013088353075098216,0.00013088353075098216,0.00013088353075098216,0.00010994527913867889,0.00010994527913867889,0.0,0.0,0.0,0.0,0.0,0.0,0.0,0.0,0.0,0.0,0.0,0.0,0.0,0.0,0.0,0.0,0.0,0.0,0.0,0.0,0.0,0.0,0.0,0.0,0.0,0.0
30,26044.1699037198,0.00011518892754464485,0.00011518892754464485,0.00011518892754464485,0.00011518892754464485,0.00011518892754464485,0.00011518892754464485,0.00011518892754464485,0.00011518892754464485,0.00011518892754464485,0.00011518892754464485,0.00011518892754464485,0.00011518892754464485,0.00011518892754464485,0.00011518892754464485,0.00011518892754464485,0.00011518892754464485,0.00011518892754464485,0.00011518892754464485,0.00011518892754464485,0.00011518892754464485,0.00011518892754464485,0.00011518892754464485,0.00011518892754464485,0.00011518892754464485,0.00011518892754464485,0.00011518892754464485,0.00011518892754464485,0.00011518892754464485,0.00011518892754464485,0.00011518892754464485,0.00011518892754464485,0.00011518892754464485,0.00011518892754464485,0.00011518892754464485,0.00011518892754464485,0.00011518892754464485,0.00011518892754464485,0.00011518892754464485,0.00011518892754464485,0.00011518892754464485,0.00011518892754464485,0.00011518892754464485,0.00011518892754464485,0.00011518892754464485,0.00011518892754464485,0.00011518892754464485,0.00011518892754464485,0.00011518892754464485,0.00011518892754464485,0.00011518892754464485,0.00011518892754464485,0.00011518892754464485,0.00011518892754464485,0.00011518892754464485,0.00011518892754464485,0.00011518892754464485,0.00011518892754464485,0.00011518892754464485,0.00011518892754464485,0.00011518892754464485,0.00011518892754464485,0.00011518892754464485,0.00011518892754464485,0.00011518892754464485,0.00011518892754464485,0.00011518892754464485,0.00011518892754464485,0.00011518892754464485,0.00011518892754464485,0.00011518892754464485,0.00011518892754464485,0.00011518892754464485,0.00011518892754464485,0.00011518892754464485,0.00011518892754464485,0.00011518892754464485,0.00011518892754464485,0.00011518892754464485,0.00011518892754464485,0.00011518892754464485,0.00011518892754464485,0.00011518892754464485,0.00011518892754464485,0.00011518892754464485,0.00011518892754464485,0.00011518892754464485,0.00011518892754464485,0.00011518892754464485,0.00011518892754464485,0.00011518892754464485,0.00011518892754464485,0.0,0.0,0.0,0.0,0.0,0.0,0.0,0.0,0.0
31,16781.699950260998,5.958871884039659e-05,5.958871884039659e-05,5.958871884039659e-05,5.958871884039659e-05,5.958871884039659e-05,5.958871884039659e-05,5.958871884039659e-05,5.958871884039659e-05,5.958871884039659e-05,5.958871884039659e-05,5.958871884039659e-05,5.958871884039659e-05,5.958871884039659e-05,5.958871884039659e-05,5.958871884039659e-05,5.958871884039659e-05,5.958871884039659e-05,5.958871884039659e-05,5.958871884039659e-05,5.958871884039659e-05,5.958871884039659e-05,5.958871884039659e-05,5.958871884039659e-05,5.958871884039659e-05,5.958871884039659e-05,5.958871884039659e-05,5.958871884039659e-05,5.958871884039659e-05,5.958871884039659e-05,5.958871884039659e-05,5.958871884039659e-05,5.958871884039659e-05,5.958871884039659e-05,5.958871884039659e-05,5.958871884039659e-05,5.958871884039659e-05,5.958871884039659e-05,5.958871884039659e-05,5.958871884039659e-05,5.958871884039659e-05,5.958871884039659e-05,5.958871884039659e-05,5.958871884039659e-05,5.958871884039659e-05,5.958871884039659e-05,5.958871884039659e-05,5.958871884039659e-05,5.958871884039659e-05,5.958871884039659e-05,5.958871884039659e-05,5.958871884039659e-05,5.958871884039659e-05,5.958871884039659e-05,5.958871884039659e-05,5.958871884039659e-05,5.958871884039659e-05,5.958871884039659e-05,5.958871884039659e-05,5.958871884039659e-05,5.958871884039659e-05,5.958871884039659e-05,5.958871884039659e-05,5.958871884039659e-05,5.958871884039659e-05,5.958871884039659e-05,5.958871884039659e-05,5.958871884039659e-05,5.958871884039659e-05,5.958871884039659e-05,5.958871884039659e-05,5.958871884039659e-05,5.958871884039659e-05,5.958871884039659e-05,5.958871884039659e-05,5.958871884039659e-05,5.958871884039659e-05,5.958871884039659e-05,5.958871884039659e-05,5.958871884039659e-05,5.958871884039659e-05,5.958871884039659e-05,5.958871884039659e-05,5.958871884039659e-05,5.958871884039659e-05,5.958871884039659e-05,5.958871884039659e-05,5.958871884039659e-05,5.958871884039659e-05,5.958871884039659e-05,5.958871884039659e-05,5.958871884039659e-05,0.0,0.0,0.0,0.0,0.0,0.0,0.0,0.0,0.0
32,114533.1896243398,0.0003372821463953242,0.0003372821463953242,0.0003372821463953242,0.0003372821463953242,0.0003372821463953242,0.0003372821463953242,0.0003372821463953242,0.0003372821463953242,0.0003372821463953242,0.0003372821463953242,0.0003372821463953242,0.0003372821463953242,0.0003372821463953242,0.0003372821463953242,0.0003372821463953242,0.0003372821463953242,0.0003372821463953242,0.0003372821463953242,0.0003372821463953242,0.0003372821463953242,0.0003372821463953242,0.0003372821463953242,0.0003372821463953242,0.0003372821463953242,0.0003372821463953242,0.0003372821463953242,0.0003372821463953242,0.0003372821463953242,0.00011603623406970673,0.00011603623406970673,0.00011603623406970673,0.00011603623406970673,0.00011603623406970673,0.00011603623406970673,0.00011603623406970673,0.00011603623406970673,0.00011603623406970673,0.00011603623406970673,0.00011603623406970673,0.00011603623406970673,0.00011603623406970673,0.00011603623406970673,0.00011603623406970673,0.00011603623406970673,0.00011603623406970673,0.00011603623406970673,0.00011603623406970673,0.00011603623406970673,0.00011603623406970673,0.00011603623406970673,0.00011603623406970673,0.00011603623406970673,9.857404685078925e-05,9.857404685078925e-05,9.857404685078925e-05,9.857404685078925e-05,9.857404685078925e-05,9.857404685078925e-05,9.857404685078925e-05,9.857404685078925e-05,9.857404685078925e-05,9.857404685078925e-05,9.857404685078925e-05,9.857404685078925e-05,9.857404685078925e-05,9.857404685078925e-05,9.857404685078925e-05,9.857404685078925e-05,9.857404685078925e-05,9.857404685078925e-05,9.857404685078925e-05,9.857404685078925e-05,9.857404685078925e-05,9.857404685078925e-05,9.857404685078925e-05,9.857404685078925e-05,9.857404685078925e-05,9.857404685078925e-05,9.857404685078925e-05,9.857404685078925e-05,9.857404685078925e-05,9.857404685078925e-05,9.857404685078925e-05,9.857404685078925e-05,9.857404685078925e-05,9.857404685078925e-05,9.857404685078925e-05,9.857404685078925e-05,9.857404685078925e-05,9.857404685078925e-05,9.857404685078925e-05,0.0,0.0,0.0,0.0,0.0,0.0,0.0,0.0,0.0
33,139585.17988203678,0.0005994189366715677,0.0005994189366715677,0.0005994189366715677,0.0005994189366715677,0.0005994189366715677,0.0005994189366715677,0.0005994189366715677,0.0005994189366715677,0.0005994189366715677,0.0005994189366715677,0.0005994189366715677,0.0005994189366715677,0.0005994189366715677,0.0005994189366715677,0.0005994189366715677,0.0005994189366715677,0.0005994189366715677,0.0005994189366715677,0.0005994189366715677,0.0005994189366715677,0.0005994189366715677,0.0005994189366715677,0.0005994189366715677,0.0005994189366715677,0.0005676104022429684,0.0005676104022429684,0.0005676104022429684,0.0005676104022429684,0.0005676104022429684,0.0005676104022429684,0.0005676104022429684,0.0005676104022429684,0.0005676104022429684,0.0005676104022429684,0.0005676104022429684,0.0005676104022429684,0.0005676104022429684,0.0005676104022429684,0.0005676104022429684,0.0005676104022429684,3.632190827339013e-05,3.632190827339013e-05,3.632190827339013e-05,3.632190827339013e-05,3.632190827339013e-05,3.632190827339013e-05,3.632190827339013e-05,3.632190827339013e-05,3.632190827339013e-05,3.632190827339013e-05,3.632190827339013e-05,3.632190827339013e-05,3.632190827339013e-05,3.632190827339013e-05,3.632190827339013e-05,3.632190827339013e-05,3.632190827339013e-05,3.632190827339013e-05,3.632190827339013e-05,3.632190827339013e-05,3.632190827339013e-05,3.632190827339013e-05,3.632190827339013e-05,3.632190827339013e-05,3.632190827339013e-05,3.632190827339013e-05,3.632190827339013e-05,3.632190827339013e-05,3.632190827339013e-05,3.632190827339013e-05,3.632190827339013e-05,3.632190827339013e-05,2.1492252992296864e-05,2.1492252992296864e-05,2.1492252992296864e-05,2.1492252992296864e-05,0.0,0.0,0.0,0.0,0.0,0.0,0.0,0.0,0.0,0.0,0.0,0.0,0.0,0.0,0.0,0.0,0.0,0.0,0.0,0.0,0.0,0.0,0.0,0.0
34,70066.629983941,0.0004995245241282742,0.0004995245241282742,0.0004995245241282742,0.0004995245241282742,0.0004995245241282742,0.0004995245241282742,0.0004995245241282742,0.0004995245241282742,0.0004995245241282742,0.0004995245241282742,0.0004995245241282742,0.0004995245241282742,0.0004995245241282742,0.0004995245241282742,0.0004995245241282742,0.0004995245241282742,0.0004995245241282742,0.0004995245241282742,0.0004995245241282742,0.0004995245241282742,0.0004995245241282742,0.0004995245241282742,0.0004995245241282742,0.0004995245241282742,0.0002426261974337332,0.0002426261974337332,0.0002426261974337332,0.0002426261974337332,0.0002426261974337332,0.0002426261974337332,0.0002426261974337332,0.0002426261974337332,0.0002426261974337332,0.0002426261974337332,0.0002426261974337332,0.0002426261974337332,0.0002426261974337332,0.0002426261974337332,0.0002426261974337332,0.0002426261974337332,0.00012844916334727051,0.00012844916334727051,0.00012844916334727051,0.00012844916334727051,0.00012844916334727051,0.00012844916334727051,0.00012844916334727051,0.00012844916334727051,0.00012844916334727051,0.00012844916334727051,0.00012844916334727051,0.00012844916334727051,0.00012844916334727051,0.00012844916334727051,0.00012844916334727051,0.00012844916334727051,0.00012844916334727051,0.00012844916334727051,0.00012844916334727051,0.00012844916334727051,0.00012844916334727051,0.00012844916334727051,0.00012844916334727051,0.00012844916334727051,0.00012844916334727051,0.00012844916334727051,0.00012844916334727051,0.00012844916334727051,0.00012844916334727051,0.00012844916334727051,0.00012844916334727051,0.00012844916334727051,5.7088517043231336e-05,5.7088517043231336e-05,5.7088517043231336e-05,5.7088517043231336e-05,0.0,0.0,0.0,0.0,0.0,0.0,0.0,0.0,0.0,0.0,0.0,0.0,0.0,0.0,0.0,0.0,0.0,0.0,0.0,0.0,0.0,0.0,0.0,0.0
35,225427.5901308436,0.0004881390061710287,0.0004881390061710287,0.0004881390061710287,0.0004881390061710287,0.0004881390061710287,0.0004881390061710287,0.0004881390061710287,0.0004881390061710287,0.0004881390061710287,0.0004881390061710287,0.0004881390061710287,0.0004881390061710287,0.0004881390061710287,0.0004881390061710287,0.0004881390061710287,0.0004881390061710287,0.0004881390061710287,0.0004881390061710287,0.0004881390061710287,0.0004881390061710287,0.0004881390061710287,0.0004881390061710287,0.0004881390061710287,0.0004881390061710287,0.000365616293294718,0.000365616293294718,0.000365616293294718,0.000365616293294718,0.000365616293294718,0.000365616293294718,0.000365616293294718,0.000365616293294718,0.000365616293294718,0.000365616293294718,0.000365616293294718,0.000365616293294718,0.000365616293294718,0.000365616293294718,0.000365616293294718,0.000365616293294718,0.00012110318880734351,0.00012110318880734351,0.00012110318880734351,0.00012110318880734351,0.00012110318880734351,0.00012110318880734351,0.00012110318880734351,0.00012110318880734351,0.00012110318880734351,0.00012110318880734351,0.00012110318880734351,0.00012110318880734351,0.00012110318880734351,0.00012110318880734351,0.00012110318880734351,0.00012110318880734351,0.00012110318880734351,0.00012110318880734351,0.00012110318880734351,0.00012110318880734351,0.00012110318880734351,0.00012110318880734351,0.00012110318880734351,0.00012110318880734351,0.00012110318880734351,0.00012110318880734351,0.00012110318880734351,0.00012110318880734351,0.00012110318880734351,0.00012110318880734351,0.00012110318880734351,0.00012110318880734351,6.654021360603481e-05,6.654021360603481e-05,6.654021360603481e-05,6.654021360603481e-05,0.0,0.0,0.0,0.0,0.0,0.0,0.0,0.0,0.0,0.0,0.0,0.0,0.0,0.0,0.0,0.0,0.0,0.0,0.0,0.0,0.0,0.0,0.0,0.0
36,0.0,0.0,0.0,0.0,0.0,0.0,0.0,0.0,0.0,0.0,0.0,0.0,0.0,0.0,0.0,0.0,0.0,0.0,0.0,0.0,0.0,0.0,0.0,0.0,0.0,0.0,0.0,0.0,0.0,0.0,0.0,0.0,0.0,0.0,0.0,0.0,0.0,0.0,0.0,0.0,0.0,0.0,0.0,0.0,0.0,0.0,0.0,0.0,0.0,0.0,0.0,0.0,0.0,0.0,0.0,0.0,0.0,0.0,0.0,0.0,0.0,0.0,0.0,0.0,0.0,0.0,0.0,0.0,0.0,0.0,0.0,0.0,0.0,0.0,0.0,0.0,0.0,0.0,0.0,0.0,0.0,0.0,0.0,0.0,0.0,0.0,0.0,0.0,0.0,0.0,0.0,0.0,0.0,0.0,0.0,0.0,0.0,0.0,0.0,0.0,0.0
37,93557.7000295808,0.000402104796271236,0.000402104796271236,0.000402104796271236,0.000402104796271236,0.000402104796271236,0.000402104796271236,0.000402104796271236,0.000402104796271236,0.000402104796271236,0.000402104796271236,0.000402104796271236,0.000402104796271236,0.000402104796271236,0.000402104796271236,0.000402104796271236,0.000402104796271236,0.000402104796271236,0.000402104796271236,0.000402104796271236,0.000402104796271236,0.000402104796271236,0.000402104796271236,0.000402104796271236,0.000402104796271236,0.00031777181344346916,0.00031777181344346916,0.00031777181344346916,0.00031777181344346916,0.00031777181344346916,0.00031777181344346916,0.00031777181344346916,0.00031777181344346916,0.00031777181344346916,0.00031777181344346916,0.00031777181344346916,0.00031777181344346916,0.00031777181344346916,0.00031777181344346916,0.00031777181344346916,0.00031777181344346916,0.00026432885793666304,0.00026432885793666304,0.00026432885793666304,0.00026432885793666304,0.00026432885793666304,0.00026432885793666304,0.00026432885793666304,0.00026432885793666304,0.00026432885793666304,0.00026432885793666304,0.00026432885793666304,0.00026432885793666304,0.00026432885793666304,0.00026432885793666304,0.00026432885793666304,0.00026432885793666304,0.00026432885793666304,0.00026432885793666304,0.00026432885793666304,0.00026432885793666304,0.00026432885793666304,0.00026432885793666304,0.00026432885793666304,0.00026432885793666304,0.00026432885793666304,0.00026432885793666304,0.00026432885793666304,0.00026432885793666304,0.00026432885793666304,0.00026432885793666304,0.00026432885793666304,0.00026432885793666304,0.0,0.0,0.0,0.0,0.0,0.0,0.0,0.0,0.0,0.0,0.0,0.0,0.0,0.0,0.0,0.0,0.0,0.0,0.0,0.0,0.0,0.0,0.0,0.0,0.0,0.0,0.0,0.0
38,341258.0200029366,0.0007301220470301502,0.0007301220470301502,0.0007301220470301502,0.0007301220470301502,0.0007301220470301502,0.0007301220470301502,0.0007301220470301502,0.0007301220470301502,0.0007301220470301502,0.0007301220470301502,0.0007301220470301502,0.0007301220470301502,0.0007301220470301502,0.0007301220470301502,0.0007301220470301502,0.0007301220470301502,0.0007301220470301502,0.0007301220470301502,0.0007301220470301502,0.0007301220470301502,0.0007301220470301502,0.0007301220470301502,0.0007301220470301502,0.0007301220470301502,5.7962007749531545e-05,5.7962007749531545e-05,5.7962007749531545e-05,5.7962007749531545e-05,5.7962007749531545e-05,5.7962007749531545e-05,5.7962007749531545e-05,5.7962007749531545e-05,5.7962007749531545e-05,5.7962007749531545e-05,5.7962007749531545e-05,5.7962007749531545e-05,5.7962007749531545e-05,5.7962007749531545e-05,5.7962007749531545e-05,5.7962007749531545e-05,4.568390802907971e-05,4.568390802907971e-05,4.568390802907971e-05,4.568390802907971e-05,4.568390802907971e-05,4.568390802907971e-05,4.568390802907971e-05,4.568390802907971e-05,4.568390802907971e-05,4.568390802907971e-05,4.568390802907971e-05,4.568390802907971e-05,4.568390802907971e-05,4.568390802907971e-05,4.568390802907971e-05,4.568390802907971e-05,4.568390802907971e-05,4.568390802907971e-05,4.568390802907971e-05,4.568390802907971e-05,4.568390802907971e-05,4.568390802907971e-05,4.568390802907971e-05,4.568390802907971e-05,4.568390802907971e-05,4.568390802907971e-05,4.568390802907971e-05,4.568390802907971e-05,4.568390802907971e-05,4.568390802907971e-05,4.568390802907971e-05,4.568390802907971e-05,4.275357396691937e-05,4.275357396691937e-05,4.275357396691937e-05,4.275357396691937e-05,0.0,0.0,0.0,0.0,0.0,0.0,0.0,0.0,0.0,0.0,0.0,0.0,0.0,0.0,0.0,0.0,0.0,0.0,0.0,0.0,0.0,0.0,0.0,0.0
39,0.0,0.0,0.0,0.0,0.0,0.0,0.0,0.0,0.0,0.0,0.0,0.0,0.0,0.0,0.0,0.0,0.0,0.0,0.0,0.0,0.0,0.0,0.0,0.0,0.0,0.0,0.0,0.0,0.0,0.0,0.0,0.0,0.0,0.0,0.0,0.0,0.0,0.0,0.0,0.0,0.0,0.0,0.0,0.0,0.0,0.0,0.0,0.0,0.0,0.0,0.0,0.0,0.0,0.0,0.0,0.0,0.0,0.0,0.0,0.0,0.0,0.0,0.0,0.0,0.0,0.0,0.0,0.0,0.0,0.0,0.0,0.0,0.0,0.0,0.0,0.0,0.0,0.0,0.0,0.0,0.0,0.0,0.0,0.0,0.0,0.0,0.0,0.0,0.0,0.0,0.0,0.0,0.0,0.0,0.0,0.0,0.0,0.0,0.0,0.0,0.0
40,23476.259964445,0.0050510600998451395,0.0050510600998451395,0.0050510600998451395,0.0050510600998451395,0.0050510600998451395,0.0050510600998451395,0.0050510600998451395,0.0050510600998451395,0.0050510600998451395,0.0050510600998451395,0.0050510600998451395,0.0050510600998451395,0.0050510600998451395,0.0050510600998451395,0.0050510600998451395,0.0050510600998451395,0.0050510600998451395,0.0050510600998451395,0.0050510600998451395,0.0050510600998451395,0.0050510600998451395,0.0050510600998451395,0.0050510600998451395,0.0050510600998451395,0.005008463877043274,0.005008463877043274,0.005008463877043274,0.005008463877043274,0.005008463877043274,0.005008463877043274,0.005008463877043274,0.005008463877043274,0.005008463877043274,0.005008463877043274,0.005008463877043274,0.005008463877043274,0.005008463877043274,0.005008463877043274,0.005008463877043274,0.005008463877043274,8.476648337571093e-05,8.476648337571093e-05,8.476648337571093e-05,8.476648337571093e-05,8.476648337571093e-05,8.476648337571093e-05,8.476648337571093e-05,8.476648337571093e-05,8.476648337571093e-05,8.476648337571093e-05,8.476648337571093e-05,8.476648337571093e-05,8.476648337571093e-05,8.476648337571093e-05,8.476648337571093e-05,8.476648337571093e-05,8.476648337571093e-05,8.476648337571093e-05,8.476648337571093e-05,8.476648337571093e-05,8.476648337571093e-05,8.476648337571093e-05,8.476648337571093e-05,8.476648337571093e-05,8.476648337571093e-05,8.476648337571093e-05,8.476648337571093e-05,8.476648337571093e-05,8.476648337571093e-05,8.476648337571093e-05,8.476648337571093e-05,8.476648337571093e-05,8.476648337571093e-05,8.476648337571093e-05,8.476648337571093e-05,8.476648337571093e-05,0.0,0.0,0.0,0.0,0.0,0.0,0.0,0.0,0.0,0.0,0.0,0.0,0.0,0.0,0.0,0.0,0.0,0.0,0.0,0.0,0.0,0.0,0.0,0.0
41,176779.960033876,0.0005970699443521406,0.0005970699443521406,0.0005970699443521406,0.0005970699443521406,0.0005970699443521406,0.0005970699443521406,0.0005970699443521406,0.0005970699443521406,0.0005970699443521406,0.0005970699443521406,0.0005970699443521406,0.0005970699443521406,0.0005970699443521406,0.0005970699443521406,0.0005970699443521406,0.0005970699443521406,0.0005970699443521406,0.0005970699443521406,0.0005970699443521406,0.0005970699443521406,0.0005970699443521406,0.0005970699443521406,0.0005970699443521406,0.0005970699443521406,0.0005970699443521406,0.0005970699443521406,0.0005970699443521406,0.0005970699443521406,0.0005970699443521406,0.0005970699443521406,0.0005970699443521406,0.0005970699443521406,0.0005970699443521406,0.0001365539402507733,0.0001365539402507733,0.0001365539402507733,0.0001365539402507733,0.0001365539402507733,0.0001365539402507733,0.0001365539402507733,0.0001365539402507733,0.0001365539402507733,0.0001365539402507733,0.0001365539402507733,0.0001365539402507733,0.0001365539402507733,0.0001365539402507733,0.0001365539402507733,0.0001365539402507733,0.0001365539402507733,3.394049867898049e-05,3.394049867898049e-05,3.394049867898049e-05,3.394049867898049e-05,3.394049867898049e-05,3.394049867898049e-05,3.394049867898049e-05,3.394049867898049e-05,3.394049867898049e-05,3.394049867898049e-05,3.394049867898049e-05,3.394049867898049e-05,3.394049867898049e-05,3.394049867898049e-05,3.394049867898049e-05,3.394049867898049e-05,3.394049867898049e-05,3.394049867898049e-05,3.394049867898049e-05,3.394049867898049e-05,3.394049867898049e-05,3.394049867898049e-05,3.394049867898049e-05,3.394049867898049e-05,3.394049867898049e-05,3.394049867898049e-05,3.394049867898049e-05,3.394049867898049e-05,1.6970249339490226e-05,1.6970249339490226e-05,0.0,0.0,0.0,0.0,0.0,0.0,0.0,0.0,0.0,0.0,0.0,0.0,0.0,0.0,0.0,0.0,0.0,0.0,0.0,0.0
42,33638.8099760408,0.0005987132159058151,0.0005987132159058151,0.0005987132159058151,0.0005987132159058151,0.0005987132159058151,0.0005987132159058151,0.0005987132159058151,0.0005987132159058151,0.0005987132159058151,0.0005987132159058151,0.0005987132159058151,0.0005987132159058151,0.0005987132159058151,0.0005987132159058151,0.0005987132159058151,0.0005987132159058151,0.0005987132159058151,0.0005987132159058151,0.0005987132159058151,0.0005987132159058151,0.0005987132159058151,0.0005987132159058151,0.0005987132159058151,0.0005987132159058151,0.0005987132159058151,0.0005987132159058151,0.0005987132159058151,0.0005987132159058151,0.0004798029452140458,0.0004798029452140458,0.0004798029452140458,0.0004798029452140458,0.0004798029452140458,0.0004798029452140458,0.0004798029452140458,0.0004798029452140458,0.0004798029452140458,0.0004798029452140458,0.0004798029452140458,0.0004798029452140458,0.0004798029452140458,0.0004798029452140458,0.0004798029452140458,0.0004798029452140458,0.0004798029452140458,0.0004798029452140458,0.0004798029452140458,0.0004798029452140458,0.0004798029452140458,0.0004798029452140458,0.0004798029452140458,0.0004798029452140458,0.0002063093196502197,0.0002063093196502197,0.0002063093196502197,0.0002063093196502197,0.0002063093196502197,0.0002063093196502197,0.0002063093196502197,0.0002063093196502197,0.0002063093196502197,0.0002063093196502197,0.0002063093196502197,0.0002063093196502197,0.0002063093196502197,0.0002063093196502197,0.0002063093196502197,0.0002063093196502197,0.0002063093196502197,0.0002063093196502197,0.0002063093196502197,0.0002063093196502197,0.0,0.0,0.0,0.0,0.0,0.0,0.0,0.0,0.0,0.0,0.0,0.0,0.0,0.0,0.0,0.0,0.0,0.0,0.0,0.0,0.0,0.0,0.0,0.0,0.0,0.0,0.0,0.0
43,94256.219985197,0.0010646512274177771,0.0010646512274177771,0.0010646512274177771,0.0010646512274177771,0.0010646512274177771,0.0010646512274177771,0.0010646512274177771,0.0010646512274177771,0.0010646512274177771,0.0010646512274177771,0.0010646512274177771,0.0010646512274177771,0.0001322989612882674,0.0001322989612882674,0.0001322989612882674,0.0001322989612882674,0.0001322989612882674,0.0001322989612882674,0.0001322989612882674,0.0001322989612882674,0.0001322989612882674,0.0001322989612882674,0.0001322989612882674,0.0001322989612882674,8.540550427615549e-05,8.540550427615549e-05,8.540550427615549e-05,8.540550427615549e-05,8.540550427615549e-05,8.540550427615549e-05,8.540550427615549e-05,8.540550427615549e-05,8.540550427615549e-05,8.540550427615549e-05,8.540550427615549e-05,8.540550427615549e-05,8.540550427615549e-05,8.540550427615549e-05,8.540550427615549e-05,8.540550427615549e-05,8.540550427615549e-05,8.540550427615549e-05,8.540550427615549e-05,8.540550427615549e-05,8.540550427615549e-05,8.540550427615549e-05,8.540550427615549e-05,8.540550427615549e-05,8.540550427615549e-05,8.540550427615549e-05,8.540550427615549e-05,8.540550427615549e-05,8.540550427615549e-05,8.540550427615549e-05,8.540550427615549e-05,8.540550427615549e-05,8.540550427615549e-05,8.540550427615549e-05,8.540550427615549e-05,8.540550427615549e-05,8.540550427615549e-05,8.540550427615549e-05,8.540550427615549e-05,8.540550427615549e-05,8.540550427615549e-05,8.540550427615549e-05,8.540550427615549e-05,8.540550427615549e-05,8.540550427615549e-05,8.540550427615549e-05,8.540550427615549e-05,8.540550427615549e-05,0.0,0.0,0.0,0.0,0.0,0.0,0.0,0.0,0.0,0.0,0.0,0.0,0.0,0.0,0.0,0.0,0.0,0.0,0.0,0.0,0.0,0.0,0.0,0.0,0.0,0.0,0.0,0.0
